"Message",Low,"Build started."
"Message",Low,"Project ""Unnamed_1"" (default targets):"
"Message",Low,"Building with tools version ""4.0""."
"Message",Low,"Target ""PrintILCStartMessage"" in file ""C:\Program Files (x86)\MSBuild\Microsoft\.NetNative\x64\ilc\IlcInternals.targets"" from project ""C:\Users\mike_\Documents\Visual Studio 2015\Projects\Universal\Universal\Unnamed_1"" (target ""Build"" depends on it):"
"Message",Low,"Using ""IlcMessageTask"" task from assembly ""C:\Program Files (x86)\MSBuild\Microsoft\.NetNative\x64\ilc\ilc.exe""."
"Message",Low,"Task ""IlcMessageTask"""
"Message",High,"Starting .NET Native compilation"
"Message",Low,"Done executing task ""IlcMessageTask""."
"Message",Low,"Done building target ""PrintILCStartMessage"" in project ""Unnamed_1""."
"Message",Low,"Target ""RunGatekeeper"" in file ""C:\Program Files (x86)\MSBuild\Microsoft\.NetNative\x64\ilc\IlcInternals.targets"" from project ""C:\Users\mike_\Documents\Visual Studio 2015\Projects\Universal\Universal\Unnamed_1"" (target ""Build"" depends on it):"
"Message",Low,"Using ""WriteLinesToFile"" task from assembly ""Microsoft.Build.Tasks.v4.0, Version=4.0.0.0, Culture=neutral, PublicKeyToken=b03f5f7f11d50a3a""."
"Message",Low,"Task ""WriteLinesToFile"""
"Message",Low,"Done executing task ""WriteLinesToFile""."
"Message",Low,"Using ""StartProcessTask"" task from assembly ""Microsoft.Build.ILTasks""."
"Message",Low,"Task ""StartProcessTask"""
"Message",Normal,"Launching 'C:\Program Files (x86)\MSBuild\Microsoft\.NetNative\x64\ilc\tools\Gatekeeper.exe @""C:\Users\mike_\Documents\Visual Studio 2015\Projects\Universal\Universal\obj\x64\Release\ilc\intermediate\gkargs.rsp""'"
"Message",Low,"Microsoft (R) .NET Native Gatekeeper Version 1.0.24208.00 "
"Message",Low,"Copyright (C) Microsoft Corporation.  All rights reserved. "
"Message",Low," "
"Message",Low,"Checking assembly 'C:\Users\mike_\Documents\Visual Studio 2015\Projects\Universal\Universal\obj\x64\Release\ilc\in\Universal.exe'. "
"Message",Normal,"'C:\Program Files (x86)\MSBuild\Microsoft\.NetNative\x64\ilc\tools\Gatekeeper.exe @""C:\Users\mike_\Documents\Visual Studio 2015\Projects\Universal\Universal\obj\x64\Release\ilc\intermediate\gkargs.rsp""' completed."
"Message",Normal,"Process execution statistics (all times in milliseconds)"
"Message",Normal,"-----------------------------------------------------------------------------"
"Message",Normal,"launch  |  start   |   stop   |   end    | duration | lifetime | [slot] name"
"Message",Normal,"-----------------------------------------------------------------------------"
"Message",Normal,"       0 |       62 |     2078 |     2078 |     2016 |     2078 | [0] Gatekeeper"
"Message",Normal,"Number of commands:      1"
"Message",Normal,"Total system time:       2078 ms"
"Message",Normal,"System time per command: 2078 ms"
"Message",Normal,"Total duration:          2016 ms"
"Message",Normal,"Total lifetime:          2078 ms"
"Message",Normal,"Requested DOP:           2"
"Message",Normal,"Duration DOP:            1.0"
"Message",Normal,"Lifetime DOP:            1.0"
"Message",Low,"Done executing task ""StartProcessTask""."
"Message",Low,"Done building target ""RunGatekeeper"" in project ""Unnamed_1""."
"Message",Low,"Target ""LogAppContextSwitches"" in file ""C:\Program Files (x86)\MSBuild\Microsoft\.NetNative\x64\ilc\IlcInternals.targets"" from project ""C:\Users\mike_\Documents\Visual Studio 2015\Projects\Universal\Universal\Unnamed_1"" (target ""SetMainTargetPaths"" depends on it):"
"Message",Low,"Using ""Message"" task from assembly ""Microsoft.Build.Tasks.v4.0, Version=4.0.0.0, Culture=neutral, PublicKeyToken=b03f5f7f11d50a3a""."
"Message",Low,"Task ""Message"""
"Message",Normal,"AppContextSwitch: ''"
"Message",Low,"Done executing task ""Message""."
"Message",Low,"Done building target ""LogAppContextSwitches"" in project ""Unnamed_1""."
"Message",Low,"Target ""SetMainTargetPaths"" in file ""C:\Program Files (x86)\MSBuild\Microsoft\.NetNative\x64\ilc\IlcInternals.targets"" from project ""C:\Users\mike_\Documents\Visual Studio 2015\Projects\Universal\Universal\Unnamed_1"" (target ""CopyNativeExecutablesToOutput"" depends on it):"
"Message",Low,"Done building target ""SetMainTargetPaths"" in project ""Unnamed_1""."
"Message",Low,"Target ""GenerateFakeExe"" skipped, due to false condition; (!Exists('@(InputILTarget)')) was evaluated as (!Exists('C:\Users\mike_\Documents\Visual Studio 2015\Projects\Universal\Universal\obj\x64\Release\ilc\in\Universal.exe'))."
"Message",Low,"Target ""InjectCoreLibTypeForwards"" skipped, due to false condition; ('$(UseSharedAssemblies)' != 'true') was evaluated as ('true' != 'true')."
"Message",Low,"Target ""InjectWindowsRuntimeTypeForwards"" in file ""C:\Program Files (x86)\MSBuild\Microsoft\.NetNative\x64\ilc\IlcInternals.targets"" from project ""C:\Users\mike_\Documents\Visual Studio 2015\Projects\Universal\Universal\Unnamed_1"" (target ""RunILTransforms"" depends on it):"
"Message",Low,"Using ""MakeDir"" task from assembly ""Microsoft.Build.Tasks.v4.0, Version=4.0.0.0, Culture=neutral, PublicKeyToken=b03f5f7f11d50a3a""."
"Message",Low,"Task ""MakeDir"""
"Message",Normal,"Creating directory ""C:\Users\mike_\Documents\Visual Studio 2015\Projects\Universal\Universal\obj\x64\Release\ilc\intermediate\TransformedSRWR\""."
"Message",Low,"Done executing task ""MakeDir""."
"Message",Low,"Using ""ILTransformTask"" task from assembly ""Microsoft.Build.ILTasks""."
"Message",Low,"Task ""ILTransformTask"""
"Message",Normal,"Running 'InjectWindowsRuntimeTypeForwards' transform, heap at 7 MB."
"Message",Normal,"Running 'WriteAssemblies' transform, heap at 14 MB."
"Message",Normal,""
"Message",Normal,"Transform summary"
"Message",Normal,"    ms | heap delta | name"
"Message",Normal,"   533 |          7 | InjectWindowsRuntimeTypeForwards"
"Message",Normal,"   273 |          1 | WriteAssemblies"
"Message",Low,"Done executing task ""ILTransformTask""."
"Message",Low,"Done building target ""InjectWindowsRuntimeTypeForwards"" in project ""Unnamed_1""."
"Message",Low,"Target ""InjectCoreLibTypeForwards"" skipped, due to false condition; ('$(UseSharedAssemblies)' != 'true') was evaluated as ('true' != 'true')."
"Message",Low,"Target ""PreResolveTransforms"" in file ""C:\Program Files (x86)\MSBuild\Microsoft\.NetNative\x64\ilc\IlcInternals.targets"" from project ""C:\Users\mike_\Documents\Visual Studio 2015\Projects\Universal\Universal\Unnamed_1"" (target ""RunILTransforms"" depends on it):"
"Message",Low,"Building target ""PreResolveTransforms"" completely."
"Message",Low,"Output file ""C:\Users\mike_\Documents\Visual Studio 2015\Projects\Universal\Universal\obj\x64\Release\ilc\intermediate\PreMergeILTransformed\Universal.exe"" does not exist."
"Message",Low,"Task ""MakeDir"""
"Message",Normal,"Creating directory ""C:\Users\mike_\Documents\Visual Studio 2015\Projects\Universal\Universal\obj\x64\Release\ilc\intermediate\PreMergeILTransformed\""."
"Message",Low,"Done executing task ""MakeDir""."
"Message",Low,"Task ""Message"""
"Message",Normal,"Running AssemblyClosureTask in PreResolveTransforms"
"Message",Low,"Done executing task ""Message""."
"Message",Low,"Using ""AssemblyClosureTask"" task from assembly ""Microsoft.Build.ILTasks""."
"Message",Low,"Task ""AssemblyClosureTask"""
"Message",Low,"Done executing task ""AssemblyClosureTask""."
"Message",Low,"Task ""ILTransformTask"" skipped, due to false condition; ('@(PreResolveTransforms)' != '') was evaluated as ('' != '')."
"Message",Low,"Using ""Copy"" task from assembly ""Microsoft.Build.Tasks.v4.0, Version=4.0.0.0, Culture=neutral, PublicKeyToken=b03f5f7f11d50a3a""."
"Message",Low,"Task ""Copy"""
"Message",Normal,"Copying file from ""C:\Users\mike_\Documents\Visual Studio 2015\Projects\Universal\Universal\obj\x64\Release\ilc\in\Universal.pdb"" to ""C:\Users\mike_\Documents\Visual Studio 2015\Projects\Universal\Universal\obj\x64\Release\ilc\intermediate\PreMergeILTransformed\Universal.pdb""."
"Message",Low,"Done executing task ""Copy""."
"Message",Low,"Task ""Copy"""
"Message",Normal,"Copying file from ""C:\Users\mike_\Documents\Visual Studio 2015\Projects\Universal\Universal\obj\x64\Release\ilc\in\Universal.exe"" to ""C:\Users\mike_\Documents\Visual Studio 2015\Projects\Universal\Universal\obj\x64\Release\ilc\intermediate\PreMergeILTransformed\Universal.exe""."
"Message",Low,"Done executing task ""Copy""."
"Message",Low,"Task ""Copy"" skipped, due to false condition; ('$(HasMcgPatchDlls)'=='true') was evaluated as (''=='true')."
"Message",Low,"Done building target ""PreResolveTransforms"" in project ""Unnamed_1""."
"Message",Low,"Target ""InitInputResourceName"" in file ""C:\Program Files (x86)\MSBuild\Microsoft\.NetNative\x64\ilc\IlcInternals.targets"" from project ""C:\Users\mike_\Documents\Visual Studio 2015\Projects\Universal\Universal\Unnamed_1"" (target ""RunILTransforms"" depends on it):"
"Message",Low,"Task ""ResolveFilePathTask"" skipped, due to false condition; ('$(InputPath)' != '' and Exists('$(InputPath)\obj\')) was evaluated as ('C:\Users\mike_\Documents\Visual Studio 2015\Projects\Universal\Universal\obj\x64\Release\ilc\in' != '' and Exists('C:\Users\mike_\Documents\Visual Studio 2015\Projects\Universal\Universal\obj\x64\Release\ilc\in\obj\'))."
"Message",Low,"Using ""ResolveFilePathTask"" task from assembly ""Microsoft.Build.ILTasks""."
"Message",Low,"Task ""ResolveFilePathTask"""
"Message",Low,"Done executing task ""ResolveFilePathTask""."
"Message",Low,"Done building target ""InitInputResourceName"" in project ""Unnamed_1""."
"Message",Low,"Target ""PreResolveTransforms"" skipped. Previously built successfully."
"Message",Low,"Target ""SetForSharedInputs"" in file ""C:\Program Files (x86)\MSBuild\Microsoft\.NetNative\x64\ilc\IlcInternals.targets"" from project ""C:\Users\mike_\Documents\Visual Studio 2015\Projects\Universal\Universal\Unnamed_1"" (target ""ResolveInitialReferences"" depends on it):"
"Message",Low,"Building target ""SetForSharedInputs"" completely."
"Message",Low,"No input files were specified."
"Message",Low,"Task ""IlcErrorTask"" skipped, due to false condition; (!Exists('$(InputSharedAssemblyListPath)')) was evaluated as (!Exists('C:\Program Files (x86)\Microsoft SDKs\Windows Kits\10\ExtensionSDKs\Microsoft.NET.Native.Framework.1.3\1.3\x64\ret\SharedAssemblyList.txt'))."
"Message",Low,"Using ""ReadLinesFromFile"" task from assembly ""Microsoft.Build.Tasks.v4.0, Version=4.0.0.0, Culture=neutral, PublicKeyToken=b03f5f7f11d50a3a""."
"Message",Low,"Task ""ReadLinesFromFile"""
"Message",Low,"Done executing task ""ReadLinesFromFile""."
"Message",Low,"Task ""IlcErrorTask"" skipped, due to false condition; (!Exists('$(InputSharedAssemblyPath)\%(SharedLibraryContent.Identity)')) was evaluated as (!Exists('C:\Program Files (x86)\Microsoft SDKs\Windows Kits\10\ExtensionSDKs\Microsoft.NET.Native.Framework.1.3\1.3\x64\ret\SharedAssemblyILMergeInfo.csv'))."
"Message",Low,"Task ""IlcErrorTask"" skipped, due to false condition; (!Exists('$(InputSharedAssemblyPath)\%(SharedLibraryContent.Identity)')) was evaluated as (!Exists('C:\Program Files (x86)\Microsoft SDKs\Windows Kits\10\ExtensionSDKs\Microsoft.NET.Native.Framework.1.3\1.3\x64\ret\SharedLibrary.iltransformtoc.ildll'))."
"Message",Low,"Task ""IlcErrorTask"" skipped, due to false condition; (!Exists('$(InputSharedAssemblyPath)\%(SharedLibraryContent.Identity)')) was evaluated as (!Exists('C:\Program Files (x86)\Microsoft SDKs\Windows Kits\10\ExtensionSDKs\Microsoft.NET.Native.Framework.1.3\1.3\x64\ret\AnalysisILToc\System.Collections.iltoc'))."
"Message",Low,"Task ""IlcErrorTask"" skipped, due to false condition; (!Exists('$(InputSharedAssemblyPath)\%(SharedLibraryContent.Identity)')) was evaluated as (!Exists('C:\Program Files (x86)\Microsoft SDKs\Windows Kits\10\ExtensionSDKs\Microsoft.NET.Native.Framework.1.3\1.3\x64\ret\AnalysisILToc\System.Collections.Concurrent.iltoc'))."
"Message",Low,"Task ""IlcErrorTask"" skipped, due to false condition; (!Exists('$(InputSharedAssemblyPath)\%(SharedLibraryContent.Identity)')) was evaluated as (!Exists('C:\Program Files (x86)\Microsoft SDKs\Windows Kits\10\ExtensionSDKs\Microsoft.NET.Native.Framework.1.3\1.3\x64\ret\AnalysisILToc\System.Diagnostics.Tracing.iltoc'))."
"Message",Low,"Task ""IlcErrorTask"" skipped, due to false condition; (!Exists('$(InputSharedAssemblyPath)\%(SharedLibraryContent.Identity)')) was evaluated as (!Exists('C:\Program Files (x86)\Microsoft SDKs\Windows Kits\10\ExtensionSDKs\Microsoft.NET.Native.Framework.1.3\1.3\x64\ret\AnalysisILToc\System.Dynamic.Runtime.iltoc'))."
"Message",Low,"Task ""IlcErrorTask"" skipped, due to false condition; (!Exists('$(InputSharedAssemblyPath)\%(SharedLibraryContent.Identity)')) was evaluated as (!Exists('C:\Program Files (x86)\Microsoft SDKs\Windows Kits\10\ExtensionSDKs\Microsoft.NET.Native.Framework.1.3\1.3\x64\ret\AnalysisILToc\System.IO.iltoc'))."
"Message",Low,"Task ""IlcErrorTask"" skipped, due to false condition; (!Exists('$(InputSharedAssemblyPath)\%(SharedLibraryContent.Identity)')) was evaluated as (!Exists('C:\Program Files (x86)\Microsoft SDKs\Windows Kits\10\ExtensionSDKs\Microsoft.NET.Native.Framework.1.3\1.3\x64\ret\AnalysisILToc\System.Linq.iltoc'))."
"Message",Low,"Task ""IlcErrorTask"" skipped, due to false condition; (!Exists('$(InputSharedAssemblyPath)\%(SharedLibraryContent.Identity)')) was evaluated as (!Exists('C:\Program Files (x86)\Microsoft SDKs\Windows Kits\10\ExtensionSDKs\Microsoft.NET.Native.Framework.1.3\1.3\x64\ret\AnalysisILToc\System.Linq.Expressions.iltoc'))."
"Message",Low,"Task ""IlcErrorTask"" skipped, due to false condition; (!Exists('$(InputSharedAssemblyPath)\%(SharedLibraryContent.Identity)')) was evaluated as (!Exists('C:\Program Files (x86)\Microsoft SDKs\Windows Kits\10\ExtensionSDKs\Microsoft.NET.Native.Framework.1.3\1.3\x64\ret\AnalysisILToc\System.ObjectModel.iltoc'))."
"Message",Low,"Task ""IlcErrorTask"" skipped, due to false condition; (!Exists('$(InputSharedAssemblyPath)\%(SharedLibraryContent.Identity)')) was evaluated as (!Exists('C:\Program Files (x86)\Microsoft SDKs\Windows Kits\10\ExtensionSDKs\Microsoft.NET.Native.Framework.1.3\1.3\x64\ret\AnalysisILToc\System.Private.CoreLib.iltoc'))."
"Message",Low,"Task ""IlcErrorTask"" skipped, due to false condition; (!Exists('$(InputSharedAssemblyPath)\%(SharedLibraryContent.Identity)')) was evaluated as (!Exists('C:\Program Files (x86)\Microsoft SDKs\Windows Kits\10\ExtensionSDKs\Microsoft.NET.Native.Framework.1.3\1.3\x64\ret\AnalysisILToc\System.Private.Interop.iltoc'))."
"Message",Low,"Task ""IlcErrorTask"" skipped, due to false condition; (!Exists('$(InputSharedAssemblyPath)\%(SharedLibraryContent.Identity)')) was evaluated as (!Exists('C:\Program Files (x86)\Microsoft SDKs\Windows Kits\10\ExtensionSDKs\Microsoft.NET.Native.Framework.1.3\1.3\x64\ret\AnalysisILToc\System.Private.Reflection.iltoc'))."
"Message",Low,"Task ""IlcErrorTask"" skipped, due to false condition; (!Exists('$(InputSharedAssemblyPath)\%(SharedLibraryContent.Identity)')) was evaluated as (!Exists('C:\Program Files (x86)\Microsoft SDKs\Windows Kits\10\ExtensionSDKs\Microsoft.NET.Native.Framework.1.3\1.3\x64\ret\AnalysisILToc\System.Private.Reflection.Core.iltoc'))."
"Message",Low,"Task ""IlcErrorTask"" skipped, due to false condition; (!Exists('$(InputSharedAssemblyPath)\%(SharedLibraryContent.Identity)')) was evaluated as (!Exists('C:\Program Files (x86)\Microsoft SDKs\Windows Kits\10\ExtensionSDKs\Microsoft.NET.Native.Framework.1.3\1.3\x64\ret\AnalysisILToc\System.Private.Reflection.Execution.iltoc'))."
"Message",Low,"Task ""IlcErrorTask"" skipped, due to false condition; (!Exists('$(InputSharedAssemblyPath)\%(SharedLibraryContent.Identity)')) was evaluated as (!Exists('C:\Program Files (x86)\Microsoft SDKs\Windows Kits\10\ExtensionSDKs\Microsoft.NET.Native.Framework.1.3\1.3\x64\ret\AnalysisILToc\System.Private.Reflection.Metadata.iltoc'))."
"Message",Low,"Task ""IlcErrorTask"" skipped, due to false condition; (!Exists('$(InputSharedAssemblyPath)\%(SharedLibraryContent.Identity)')) was evaluated as (!Exists('C:\Program Files (x86)\Microsoft SDKs\Windows Kits\10\ExtensionSDKs\Microsoft.NET.Native.Framework.1.3\1.3\x64\ret\AnalysisILToc\System.Private.Threading.iltoc'))."
"Message",Low,"Task ""IlcErrorTask"" skipped, due to false condition; (!Exists('$(InputSharedAssemblyPath)\%(SharedLibraryContent.Identity)')) was evaluated as (!Exists('C:\Program Files (x86)\Microsoft SDKs\Windows Kits\10\ExtensionSDKs\Microsoft.NET.Native.Framework.1.3\1.3\x64\ret\AnalysisILToc\System.Private.TypeLoader.iltoc'))."
"Message",Low,"Task ""IlcErrorTask"" skipped, due to false condition; (!Exists('$(InputSharedAssemblyPath)\%(SharedLibraryContent.Identity)')) was evaluated as (!Exists('C:\Program Files (x86)\Microsoft SDKs\Windows Kits\10\ExtensionSDKs\Microsoft.NET.Native.Framework.1.3\1.3\x64\ret\AnalysisILToc\System.Private.Uri.iltoc'))."
"Message",Low,"Task ""IlcErrorTask"" skipped, due to false condition; (!Exists('$(InputSharedAssemblyPath)\%(SharedLibraryContent.Identity)')) was evaluated as (!Exists('C:\Program Files (x86)\Microsoft SDKs\Windows Kits\10\ExtensionSDKs\Microsoft.NET.Native.Framework.1.3\1.3\x64\ret\AnalysisILToc\System.Reflection.Extensions.iltoc'))."
"Message",Low,"Task ""IlcErrorTask"" skipped, due to false condition; (!Exists('$(InputSharedAssemblyPath)\%(SharedLibraryContent.Identity)')) was evaluated as (!Exists('C:\Program Files (x86)\Microsoft SDKs\Windows Kits\10\ExtensionSDKs\Microsoft.NET.Native.Framework.1.3\1.3\x64\ret\AnalysisILToc\System.Reflection.Primitives.iltoc'))."
"Message",Low,"Task ""IlcErrorTask"" skipped, due to false condition; (!Exists('$(InputSharedAssemblyPath)\%(SharedLibraryContent.Identity)')) was evaluated as (!Exists('C:\Program Files (x86)\Microsoft SDKs\Windows Kits\10\ExtensionSDKs\Microsoft.NET.Native.Framework.1.3\1.3\x64\ret\AnalysisILToc\System.Reflection.TypeExtensions.iltoc'))."
"Message",Low,"Task ""IlcErrorTask"" skipped, due to false condition; (!Exists('$(InputSharedAssemblyPath)\%(SharedLibraryContent.Identity)')) was evaluated as (!Exists('C:\Program Files (x86)\Microsoft SDKs\Windows Kits\10\ExtensionSDKs\Microsoft.NET.Native.Framework.1.3\1.3\x64\ret\AnalysisILToc\System.Resources.ResourceManager.iltoc'))."
"Message",Low,"Task ""IlcErrorTask"" skipped, due to false condition; (!Exists('$(InputSharedAssemblyPath)\%(SharedLibraryContent.Identity)')) was evaluated as (!Exists('C:\Program Files (x86)\Microsoft SDKs\Windows Kits\10\ExtensionSDKs\Microsoft.NET.Native.Framework.1.3\1.3\x64\ret\AnalysisILToc\System.Runtime.Extensions.iltoc'))."
"Message",Low,"Task ""IlcErrorTask"" skipped, due to false condition; (!Exists('$(InputSharedAssemblyPath)\%(SharedLibraryContent.Identity)')) was evaluated as (!Exists('C:\Program Files (x86)\Microsoft SDKs\Windows Kits\10\ExtensionSDKs\Microsoft.NET.Native.Framework.1.3\1.3\x64\ret\AnalysisILToc\System.Runtime.Implementation.iltoc'))."
"Message",Low,"Task ""IlcErrorTask"" skipped, due to false condition; (!Exists('$(InputSharedAssemblyPath)\%(SharedLibraryContent.Identity)')) was evaluated as (!Exists('C:\Program Files (x86)\Microsoft SDKs\Windows Kits\10\ExtensionSDKs\Microsoft.NET.Native.Framework.1.3\1.3\x64\ret\AnalysisILToc\System.Text.RegularExpressions.iltoc'))."
"Message",Low,"Task ""IlcErrorTask"" skipped, due to false condition; (!Exists('$(InputSharedAssemblyPath)\%(SharedLibraryContent.Identity)')) was evaluated as (!Exists('C:\Program Files (x86)\Microsoft SDKs\Windows Kits\10\ExtensionSDKs\Microsoft.NET.Native.Framework.1.3\1.3\x64\ret\AnalysisILToc\System.Private.SharedLibrary.Interop.Generated.iltoc'))."
"Message",Low,"Task ""IlcErrorTask"" skipped, due to false condition; (!Exists('$(InputSharedAssemblyPath)\%(SharedLibraryContent.Identity)')) was evaluated as (!Exists('C:\Program Files (x86)\Microsoft SDKs\Windows Kits\10\ExtensionSDKs\Microsoft.NET.Native.Framework.1.3\1.3\x64\ret\AnalysisILToc\System.Collections.iltocpdb'))."
"Message",Low,"Task ""IlcErrorTask"" skipped, due to false condition; (!Exists('$(InputSharedAssemblyPath)\%(SharedLibraryContent.Identity)')) was evaluated as (!Exists('C:\Program Files (x86)\Microsoft SDKs\Windows Kits\10\ExtensionSDKs\Microsoft.NET.Native.Framework.1.3\1.3\x64\ret\AnalysisILToc\System.Collections.Concurrent.iltocpdb'))."
"Message",Low,"Task ""IlcErrorTask"" skipped, due to false condition; (!Exists('$(InputSharedAssemblyPath)\%(SharedLibraryContent.Identity)')) was evaluated as (!Exists('C:\Program Files (x86)\Microsoft SDKs\Windows Kits\10\ExtensionSDKs\Microsoft.NET.Native.Framework.1.3\1.3\x64\ret\AnalysisILToc\System.Diagnostics.Tracing.iltocpdb'))."
"Message",Low,"Task ""IlcErrorTask"" skipped, due to false condition; (!Exists('$(InputSharedAssemblyPath)\%(SharedLibraryContent.Identity)')) was evaluated as (!Exists('C:\Program Files (x86)\Microsoft SDKs\Windows Kits\10\ExtensionSDKs\Microsoft.NET.Native.Framework.1.3\1.3\x64\ret\AnalysisILToc\System.Dynamic.Runtime.iltocpdb'))."
"Message",Low,"Task ""IlcErrorTask"" skipped, due to false condition; (!Exists('$(InputSharedAssemblyPath)\%(SharedLibraryContent.Identity)')) was evaluated as (!Exists('C:\Program Files (x86)\Microsoft SDKs\Windows Kits\10\ExtensionSDKs\Microsoft.NET.Native.Framework.1.3\1.3\x64\ret\AnalysisILToc\System.IO.iltocpdb'))."
"Message",Low,"Task ""IlcErrorTask"" skipped, due to false condition; (!Exists('$(InputSharedAssemblyPath)\%(SharedLibraryContent.Identity)')) was evaluated as (!Exists('C:\Program Files (x86)\Microsoft SDKs\Windows Kits\10\ExtensionSDKs\Microsoft.NET.Native.Framework.1.3\1.3\x64\ret\AnalysisILToc\System.Linq.iltocpdb'))."
"Message",Low,"Task ""IlcErrorTask"" skipped, due to false condition; (!Exists('$(InputSharedAssemblyPath)\%(SharedLibraryContent.Identity)')) was evaluated as (!Exists('C:\Program Files (x86)\Microsoft SDKs\Windows Kits\10\ExtensionSDKs\Microsoft.NET.Native.Framework.1.3\1.3\x64\ret\AnalysisILToc\System.Linq.Expressions.iltocpdb'))."
"Message",Low,"Task ""IlcErrorTask"" skipped, due to false condition; (!Exists('$(InputSharedAssemblyPath)\%(SharedLibraryContent.Identity)')) was evaluated as (!Exists('C:\Program Files (x86)\Microsoft SDKs\Windows Kits\10\ExtensionSDKs\Microsoft.NET.Native.Framework.1.3\1.3\x64\ret\AnalysisILToc\System.ObjectModel.iltocpdb'))."
"Message",Low,"Task ""IlcErrorTask"" skipped, due to false condition; (!Exists('$(InputSharedAssemblyPath)\%(SharedLibraryContent.Identity)')) was evaluated as (!Exists('C:\Program Files (x86)\Microsoft SDKs\Windows Kits\10\ExtensionSDKs\Microsoft.NET.Native.Framework.1.3\1.3\x64\ret\AnalysisILToc\System.Private.CoreLib.iltocpdb'))."
"Message",Low,"Task ""IlcErrorTask"" skipped, due to false condition; (!Exists('$(InputSharedAssemblyPath)\%(SharedLibraryContent.Identity)')) was evaluated as (!Exists('C:\Program Files (x86)\Microsoft SDKs\Windows Kits\10\ExtensionSDKs\Microsoft.NET.Native.Framework.1.3\1.3\x64\ret\AnalysisILToc\System.Private.Interop.iltocpdb'))."
"Message",Low,"Task ""IlcErrorTask"" skipped, due to false condition; (!Exists('$(InputSharedAssemblyPath)\%(SharedLibraryContent.Identity)')) was evaluated as (!Exists('C:\Program Files (x86)\Microsoft SDKs\Windows Kits\10\ExtensionSDKs\Microsoft.NET.Native.Framework.1.3\1.3\x64\ret\AnalysisILToc\System.Private.Reflection.iltocpdb'))."
"Message",Low,"Task ""IlcErrorTask"" skipped, due to false condition; (!Exists('$(InputSharedAssemblyPath)\%(SharedLibraryContent.Identity)')) was evaluated as (!Exists('C:\Program Files (x86)\Microsoft SDKs\Windows Kits\10\ExtensionSDKs\Microsoft.NET.Native.Framework.1.3\1.3\x64\ret\AnalysisILToc\System.Private.Reflection.Core.iltocpdb'))."
"Message",Low,"Task ""IlcErrorTask"" skipped, due to false condition; (!Exists('$(InputSharedAssemblyPath)\%(SharedLibraryContent.Identity)')) was evaluated as (!Exists('C:\Program Files (x86)\Microsoft SDKs\Windows Kits\10\ExtensionSDKs\Microsoft.NET.Native.Framework.1.3\1.3\x64\ret\AnalysisILToc\System.Private.Reflection.Execution.iltocpdb'))."
"Message",Low,"Task ""IlcErrorTask"" skipped, due to false condition; (!Exists('$(InputSharedAssemblyPath)\%(SharedLibraryContent.Identity)')) was evaluated as (!Exists('C:\Program Files (x86)\Microsoft SDKs\Windows Kits\10\ExtensionSDKs\Microsoft.NET.Native.Framework.1.3\1.3\x64\ret\AnalysisILToc\System.Private.Reflection.Metadata.iltocpdb'))."
"Message",Low,"Task ""IlcErrorTask"" skipped, due to false condition; (!Exists('$(InputSharedAssemblyPath)\%(SharedLibraryContent.Identity)')) was evaluated as (!Exists('C:\Program Files (x86)\Microsoft SDKs\Windows Kits\10\ExtensionSDKs\Microsoft.NET.Native.Framework.1.3\1.3\x64\ret\AnalysisILToc\System.Private.Threading.iltocpdb'))."
"Message",Low,"Task ""IlcErrorTask"" skipped, due to false condition; (!Exists('$(InputSharedAssemblyPath)\%(SharedLibraryContent.Identity)')) was evaluated as (!Exists('C:\Program Files (x86)\Microsoft SDKs\Windows Kits\10\ExtensionSDKs\Microsoft.NET.Native.Framework.1.3\1.3\x64\ret\AnalysisILToc\System.Private.TypeLoader.iltocpdb'))."
"Message",Low,"Task ""IlcErrorTask"" skipped, due to false condition; (!Exists('$(InputSharedAssemblyPath)\%(SharedLibraryContent.Identity)')) was evaluated as (!Exists('C:\Program Files (x86)\Microsoft SDKs\Windows Kits\10\ExtensionSDKs\Microsoft.NET.Native.Framework.1.3\1.3\x64\ret\AnalysisILToc\System.Private.Uri.iltocpdb'))."
"Message",Low,"Task ""IlcErrorTask"" skipped, due to false condition; (!Exists('$(InputSharedAssemblyPath)\%(SharedLibraryContent.Identity)')) was evaluated as (!Exists('C:\Program Files (x86)\Microsoft SDKs\Windows Kits\10\ExtensionSDKs\Microsoft.NET.Native.Framework.1.3\1.3\x64\ret\AnalysisILToc\System.Reflection.Extensions.iltocpdb'))."
"Message",Low,"Task ""IlcErrorTask"" skipped, due to false condition; (!Exists('$(InputSharedAssemblyPath)\%(SharedLibraryContent.Identity)')) was evaluated as (!Exists('C:\Program Files (x86)\Microsoft SDKs\Windows Kits\10\ExtensionSDKs\Microsoft.NET.Native.Framework.1.3\1.3\x64\ret\AnalysisILToc\System.Reflection.Primitives.iltocpdb'))."
"Message",Low,"Task ""IlcErrorTask"" skipped, due to false condition; (!Exists('$(InputSharedAssemblyPath)\%(SharedLibraryContent.Identity)')) was evaluated as (!Exists('C:\Program Files (x86)\Microsoft SDKs\Windows Kits\10\ExtensionSDKs\Microsoft.NET.Native.Framework.1.3\1.3\x64\ret\AnalysisILToc\System.Reflection.TypeExtensions.iltocpdb'))."
"Message",Low,"Task ""IlcErrorTask"" skipped, due to false condition; (!Exists('$(InputSharedAssemblyPath)\%(SharedLibraryContent.Identity)')) was evaluated as (!Exists('C:\Program Files (x86)\Microsoft SDKs\Windows Kits\10\ExtensionSDKs\Microsoft.NET.Native.Framework.1.3\1.3\x64\ret\AnalysisILToc\System.Resources.ResourceManager.iltocpdb'))."
"Message",Low,"Task ""IlcErrorTask"" skipped, due to false condition; (!Exists('$(InputSharedAssemblyPath)\%(SharedLibraryContent.Identity)')) was evaluated as (!Exists('C:\Program Files (x86)\Microsoft SDKs\Windows Kits\10\ExtensionSDKs\Microsoft.NET.Native.Framework.1.3\1.3\x64\ret\AnalysisILToc\System.Runtime.Extensions.iltocpdb'))."
"Message",Low,"Task ""IlcErrorTask"" skipped, due to false condition; (!Exists('$(InputSharedAssemblyPath)\%(SharedLibraryContent.Identity)')) was evaluated as (!Exists('C:\Program Files (x86)\Microsoft SDKs\Windows Kits\10\ExtensionSDKs\Microsoft.NET.Native.Framework.1.3\1.3\x64\ret\AnalysisILToc\System.Runtime.Implementation.iltocpdb'))."
"Message",Low,"Task ""IlcErrorTask"" skipped, due to false condition; (!Exists('$(InputSharedAssemblyPath)\%(SharedLibraryContent.Identity)')) was evaluated as (!Exists('C:\Program Files (x86)\Microsoft SDKs\Windows Kits\10\ExtensionSDKs\Microsoft.NET.Native.Framework.1.3\1.3\x64\ret\AnalysisILToc\System.Text.RegularExpressions.iltocpdb'))."
"Message",Low,"Task ""IlcErrorTask"" skipped, due to false condition; (!Exists('$(InputSharedAssemblyPath)\%(SharedLibraryContent.Identity)')) was evaluated as (!Exists('C:\Program Files (x86)\Microsoft SDKs\Windows Kits\10\ExtensionSDKs\Microsoft.NET.Native.Framework.1.3\1.3\x64\ret\AnalysisILToc\System.Private.SharedLibrary.Interop.Generated.iltocpdb'))."
"Message",Low,"Task ""IlcErrorTask"" skipped, due to false condition; (!Exists('$(InputSharedAssemblyPath)\%(SharedLibraryContent.Identity)')) was evaluated as (!Exists('C:\Program Files (x86)\Microsoft SDKs\Windows Kits\10\ExtensionSDKs\Microsoft.NET.Native.Framework.1.3\1.3\x64\ret\ILToc\System.Collections.iltoc'))."
"Message",Low,"Task ""IlcErrorTask"" skipped, due to false condition; (!Exists('$(InputSharedAssemblyPath)\%(SharedLibraryContent.Identity)')) was evaluated as (!Exists('C:\Program Files (x86)\Microsoft SDKs\Windows Kits\10\ExtensionSDKs\Microsoft.NET.Native.Framework.1.3\1.3\x64\ret\ILToc\System.Collections.Concurrent.iltoc'))."
"Message",Low,"Task ""IlcErrorTask"" skipped, due to false condition; (!Exists('$(InputSharedAssemblyPath)\%(SharedLibraryContent.Identity)')) was evaluated as (!Exists('C:\Program Files (x86)\Microsoft SDKs\Windows Kits\10\ExtensionSDKs\Microsoft.NET.Native.Framework.1.3\1.3\x64\ret\ILToc\System.Diagnostics.Tracing.iltoc'))."
"Message",Low,"Task ""IlcErrorTask"" skipped, due to false condition; (!Exists('$(InputSharedAssemblyPath)\%(SharedLibraryContent.Identity)')) was evaluated as (!Exists('C:\Program Files (x86)\Microsoft SDKs\Windows Kits\10\ExtensionSDKs\Microsoft.NET.Native.Framework.1.3\1.3\x64\ret\ILToc\System.Dynamic.Runtime.iltoc'))."
"Message",Low,"Task ""IlcErrorTask"" skipped, due to false condition; (!Exists('$(InputSharedAssemblyPath)\%(SharedLibraryContent.Identity)')) was evaluated as (!Exists('C:\Program Files (x86)\Microsoft SDKs\Windows Kits\10\ExtensionSDKs\Microsoft.NET.Native.Framework.1.3\1.3\x64\ret\ILToc\System.IO.iltoc'))."
"Message",Low,"Task ""IlcErrorTask"" skipped, due to false condition; (!Exists('$(InputSharedAssemblyPath)\%(SharedLibraryContent.Identity)')) was evaluated as (!Exists('C:\Program Files (x86)\Microsoft SDKs\Windows Kits\10\ExtensionSDKs\Microsoft.NET.Native.Framework.1.3\1.3\x64\ret\ILToc\System.Linq.iltoc'))."
"Message",Low,"Task ""IlcErrorTask"" skipped, due to false condition; (!Exists('$(InputSharedAssemblyPath)\%(SharedLibraryContent.Identity)')) was evaluated as (!Exists('C:\Program Files (x86)\Microsoft SDKs\Windows Kits\10\ExtensionSDKs\Microsoft.NET.Native.Framework.1.3\1.3\x64\ret\ILToc\System.Linq.Expressions.iltoc'))."
"Message",Low,"Task ""IlcErrorTask"" skipped, due to false condition; (!Exists('$(InputSharedAssemblyPath)\%(SharedLibraryContent.Identity)')) was evaluated as (!Exists('C:\Program Files (x86)\Microsoft SDKs\Windows Kits\10\ExtensionSDKs\Microsoft.NET.Native.Framework.1.3\1.3\x64\ret\ILToc\System.ObjectModel.iltoc'))."
"Message",Low,"Task ""IlcErrorTask"" skipped, due to false condition; (!Exists('$(InputSharedAssemblyPath)\%(SharedLibraryContent.Identity)')) was evaluated as (!Exists('C:\Program Files (x86)\Microsoft SDKs\Windows Kits\10\ExtensionSDKs\Microsoft.NET.Native.Framework.1.3\1.3\x64\ret\ILToc\System.Private.CoreLib.iltoc'))."
"Message",Low,"Task ""IlcErrorTask"" skipped, due to false condition; (!Exists('$(InputSharedAssemblyPath)\%(SharedLibraryContent.Identity)')) was evaluated as (!Exists('C:\Program Files (x86)\Microsoft SDKs\Windows Kits\10\ExtensionSDKs\Microsoft.NET.Native.Framework.1.3\1.3\x64\ret\ILToc\System.Private.Interop.iltoc'))."
"Message",Low,"Task ""IlcErrorTask"" skipped, due to false condition; (!Exists('$(InputSharedAssemblyPath)\%(SharedLibraryContent.Identity)')) was evaluated as (!Exists('C:\Program Files (x86)\Microsoft SDKs\Windows Kits\10\ExtensionSDKs\Microsoft.NET.Native.Framework.1.3\1.3\x64\ret\ILToc\System.Private.Reflection.iltoc'))."
"Message",Low,"Task ""IlcErrorTask"" skipped, due to false condition; (!Exists('$(InputSharedAssemblyPath)\%(SharedLibraryContent.Identity)')) was evaluated as (!Exists('C:\Program Files (x86)\Microsoft SDKs\Windows Kits\10\ExtensionSDKs\Microsoft.NET.Native.Framework.1.3\1.3\x64\ret\ILToc\System.Private.Reflection.Core.iltoc'))."
"Message",Low,"Task ""IlcErrorTask"" skipped, due to false condition; (!Exists('$(InputSharedAssemblyPath)\%(SharedLibraryContent.Identity)')) was evaluated as (!Exists('C:\Program Files (x86)\Microsoft SDKs\Windows Kits\10\ExtensionSDKs\Microsoft.NET.Native.Framework.1.3\1.3\x64\ret\ILToc\System.Private.Reflection.Execution.iltoc'))."
"Message",Low,"Task ""IlcErrorTask"" skipped, due to false condition; (!Exists('$(InputSharedAssemblyPath)\%(SharedLibraryContent.Identity)')) was evaluated as (!Exists('C:\Program Files (x86)\Microsoft SDKs\Windows Kits\10\ExtensionSDKs\Microsoft.NET.Native.Framework.1.3\1.3\x64\ret\ILToc\System.Private.Reflection.Metadata.iltoc'))."
"Message",Low,"Task ""IlcErrorTask"" skipped, due to false condition; (!Exists('$(InputSharedAssemblyPath)\%(SharedLibraryContent.Identity)')) was evaluated as (!Exists('C:\Program Files (x86)\Microsoft SDKs\Windows Kits\10\ExtensionSDKs\Microsoft.NET.Native.Framework.1.3\1.3\x64\ret\ILToc\System.Private.Threading.iltoc'))."
"Message",Low,"Task ""IlcErrorTask"" skipped, due to false condition; (!Exists('$(InputSharedAssemblyPath)\%(SharedLibraryContent.Identity)')) was evaluated as (!Exists('C:\Program Files (x86)\Microsoft SDKs\Windows Kits\10\ExtensionSDKs\Microsoft.NET.Native.Framework.1.3\1.3\x64\ret\ILToc\System.Private.TypeLoader.iltoc'))."
"Message",Low,"Task ""IlcErrorTask"" skipped, due to false condition; (!Exists('$(InputSharedAssemblyPath)\%(SharedLibraryContent.Identity)')) was evaluated as (!Exists('C:\Program Files (x86)\Microsoft SDKs\Windows Kits\10\ExtensionSDKs\Microsoft.NET.Native.Framework.1.3\1.3\x64\ret\ILToc\System.Private.Uri.iltoc'))."
"Message",Low,"Task ""IlcErrorTask"" skipped, due to false condition; (!Exists('$(InputSharedAssemblyPath)\%(SharedLibraryContent.Identity)')) was evaluated as (!Exists('C:\Program Files (x86)\Microsoft SDKs\Windows Kits\10\ExtensionSDKs\Microsoft.NET.Native.Framework.1.3\1.3\x64\ret\ILToc\System.Reflection.Extensions.iltoc'))."
"Message",Low,"Task ""IlcErrorTask"" skipped, due to false condition; (!Exists('$(InputSharedAssemblyPath)\%(SharedLibraryContent.Identity)')) was evaluated as (!Exists('C:\Program Files (x86)\Microsoft SDKs\Windows Kits\10\ExtensionSDKs\Microsoft.NET.Native.Framework.1.3\1.3\x64\ret\ILToc\System.Reflection.Primitives.iltoc'))."
"Message",Low,"Task ""IlcErrorTask"" skipped, due to false condition; (!Exists('$(InputSharedAssemblyPath)\%(SharedLibraryContent.Identity)')) was evaluated as (!Exists('C:\Program Files (x86)\Microsoft SDKs\Windows Kits\10\ExtensionSDKs\Microsoft.NET.Native.Framework.1.3\1.3\x64\ret\ILToc\System.Reflection.TypeExtensions.iltoc'))."
"Message",Low,"Task ""IlcErrorTask"" skipped, due to false condition; (!Exists('$(InputSharedAssemblyPath)\%(SharedLibraryContent.Identity)')) was evaluated as (!Exists('C:\Program Files (x86)\Microsoft SDKs\Windows Kits\10\ExtensionSDKs\Microsoft.NET.Native.Framework.1.3\1.3\x64\ret\ILToc\System.Resources.ResourceManager.iltoc'))."
"Message",Low,"Task ""IlcErrorTask"" skipped, due to false condition; (!Exists('$(InputSharedAssemblyPath)\%(SharedLibraryContent.Identity)')) was evaluated as (!Exists('C:\Program Files (x86)\Microsoft SDKs\Windows Kits\10\ExtensionSDKs\Microsoft.NET.Native.Framework.1.3\1.3\x64\ret\ILToc\System.Runtime.Extensions.iltoc'))."
"Message",Low,"Task ""IlcErrorTask"" skipped, due to false condition; (!Exists('$(InputSharedAssemblyPath)\%(SharedLibraryContent.Identity)')) was evaluated as (!Exists('C:\Program Files (x86)\Microsoft SDKs\Windows Kits\10\ExtensionSDKs\Microsoft.NET.Native.Framework.1.3\1.3\x64\ret\ILToc\System.Runtime.Implementation.iltoc'))."
"Message",Low,"Task ""IlcErrorTask"" skipped, due to false condition; (!Exists('$(InputSharedAssemblyPath)\%(SharedLibraryContent.Identity)')) was evaluated as (!Exists('C:\Program Files (x86)\Microsoft SDKs\Windows Kits\10\ExtensionSDKs\Microsoft.NET.Native.Framework.1.3\1.3\x64\ret\ILToc\System.Text.RegularExpressions.iltoc'))."
"Message",Low,"Task ""IlcErrorTask"" skipped, due to false condition; (!Exists('$(InputSharedAssemblyPath)\%(SharedLibraryContent.Identity)')) was evaluated as (!Exists('C:\Program Files (x86)\Microsoft SDKs\Windows Kits\10\ExtensionSDKs\Microsoft.NET.Native.Framework.1.3\1.3\x64\ret\ILToc\System.Private.SharedLibrary.Interop.Generated.iltoc'))."
"Message",Low,"Task ""IlcErrorTask"" skipped, due to false condition; (!Exists('$(InputSharedAssemblyPath)\%(SharedLibraryContent.Identity)')) was evaluated as (!Exists('C:\Program Files (x86)\Microsoft SDKs\Windows Kits\10\ExtensionSDKs\Microsoft.NET.Native.Framework.1.3\1.3\x64\ret\ILToc\System.Collections.iltocpdb'))."
"Message",Low,"Task ""IlcErrorTask"" skipped, due to false condition; (!Exists('$(InputSharedAssemblyPath)\%(SharedLibraryContent.Identity)')) was evaluated as (!Exists('C:\Program Files (x86)\Microsoft SDKs\Windows Kits\10\ExtensionSDKs\Microsoft.NET.Native.Framework.1.3\1.3\x64\ret\ILToc\System.Collections.Concurrent.iltocpdb'))."
"Message",Low,"Task ""IlcErrorTask"" skipped, due to false condition; (!Exists('$(InputSharedAssemblyPath)\%(SharedLibraryContent.Identity)')) was evaluated as (!Exists('C:\Program Files (x86)\Microsoft SDKs\Windows Kits\10\ExtensionSDKs\Microsoft.NET.Native.Framework.1.3\1.3\x64\ret\ILToc\System.Diagnostics.Tracing.iltocpdb'))."
"Message",Low,"Task ""IlcErrorTask"" skipped, due to false condition; (!Exists('$(InputSharedAssemblyPath)\%(SharedLibraryContent.Identity)')) was evaluated as (!Exists('C:\Program Files (x86)\Microsoft SDKs\Windows Kits\10\ExtensionSDKs\Microsoft.NET.Native.Framework.1.3\1.3\x64\ret\ILToc\System.Dynamic.Runtime.iltocpdb'))."
"Message",Low,"Task ""IlcErrorTask"" skipped, due to false condition; (!Exists('$(InputSharedAssemblyPath)\%(SharedLibraryContent.Identity)')) was evaluated as (!Exists('C:\Program Files (x86)\Microsoft SDKs\Windows Kits\10\ExtensionSDKs\Microsoft.NET.Native.Framework.1.3\1.3\x64\ret\ILToc\System.IO.iltocpdb'))."
"Message",Low,"Task ""IlcErrorTask"" skipped, due to false condition; (!Exists('$(InputSharedAssemblyPath)\%(SharedLibraryContent.Identity)')) was evaluated as (!Exists('C:\Program Files (x86)\Microsoft SDKs\Windows Kits\10\ExtensionSDKs\Microsoft.NET.Native.Framework.1.3\1.3\x64\ret\ILToc\System.Linq.iltocpdb'))."
"Message",Low,"Task ""IlcErrorTask"" skipped, due to false condition; (!Exists('$(InputSharedAssemblyPath)\%(SharedLibraryContent.Identity)')) was evaluated as (!Exists('C:\Program Files (x86)\Microsoft SDKs\Windows Kits\10\ExtensionSDKs\Microsoft.NET.Native.Framework.1.3\1.3\x64\ret\ILToc\System.Linq.Expressions.iltocpdb'))."
"Message",Low,"Task ""IlcErrorTask"" skipped, due to false condition; (!Exists('$(InputSharedAssemblyPath)\%(SharedLibraryContent.Identity)')) was evaluated as (!Exists('C:\Program Files (x86)\Microsoft SDKs\Windows Kits\10\ExtensionSDKs\Microsoft.NET.Native.Framework.1.3\1.3\x64\ret\ILToc\System.ObjectModel.iltocpdb'))."
"Message",Low,"Task ""IlcErrorTask"" skipped, due to false condition; (!Exists('$(InputSharedAssemblyPath)\%(SharedLibraryContent.Identity)')) was evaluated as (!Exists('C:\Program Files (x86)\Microsoft SDKs\Windows Kits\10\ExtensionSDKs\Microsoft.NET.Native.Framework.1.3\1.3\x64\ret\ILToc\System.Private.CoreLib.iltocpdb'))."
"Message",Low,"Task ""IlcErrorTask"" skipped, due to false condition; (!Exists('$(InputSharedAssemblyPath)\%(SharedLibraryContent.Identity)')) was evaluated as (!Exists('C:\Program Files (x86)\Microsoft SDKs\Windows Kits\10\ExtensionSDKs\Microsoft.NET.Native.Framework.1.3\1.3\x64\ret\ILToc\System.Private.Interop.iltocpdb'))."
"Message",Low,"Task ""IlcErrorTask"" skipped, due to false condition; (!Exists('$(InputSharedAssemblyPath)\%(SharedLibraryContent.Identity)')) was evaluated as (!Exists('C:\Program Files (x86)\Microsoft SDKs\Windows Kits\10\ExtensionSDKs\Microsoft.NET.Native.Framework.1.3\1.3\x64\ret\ILToc\System.Private.Reflection.iltocpdb'))."
"Message",Low,"Task ""IlcErrorTask"" skipped, due to false condition; (!Exists('$(InputSharedAssemblyPath)\%(SharedLibraryContent.Identity)')) was evaluated as (!Exists('C:\Program Files (x86)\Microsoft SDKs\Windows Kits\10\ExtensionSDKs\Microsoft.NET.Native.Framework.1.3\1.3\x64\ret\ILToc\System.Private.Reflection.Core.iltocpdb'))."
"Message",Low,"Task ""IlcErrorTask"" skipped, due to false condition; (!Exists('$(InputSharedAssemblyPath)\%(SharedLibraryContent.Identity)')) was evaluated as (!Exists('C:\Program Files (x86)\Microsoft SDKs\Windows Kits\10\ExtensionSDKs\Microsoft.NET.Native.Framework.1.3\1.3\x64\ret\ILToc\System.Private.Reflection.Execution.iltocpdb'))."
"Message",Low,"Task ""IlcErrorTask"" skipped, due to false condition; (!Exists('$(InputSharedAssemblyPath)\%(SharedLibraryContent.Identity)')) was evaluated as (!Exists('C:\Program Files (x86)\Microsoft SDKs\Windows Kits\10\ExtensionSDKs\Microsoft.NET.Native.Framework.1.3\1.3\x64\ret\ILToc\System.Private.Reflection.Metadata.iltocpdb'))."
"Message",Low,"Task ""IlcErrorTask"" skipped, due to false condition; (!Exists('$(InputSharedAssemblyPath)\%(SharedLibraryContent.Identity)')) was evaluated as (!Exists('C:\Program Files (x86)\Microsoft SDKs\Windows Kits\10\ExtensionSDKs\Microsoft.NET.Native.Framework.1.3\1.3\x64\ret\ILToc\System.Private.Threading.iltocpdb'))."
"Message",Low,"Task ""IlcErrorTask"" skipped, due to false condition; (!Exists('$(InputSharedAssemblyPath)\%(SharedLibraryContent.Identity)')) was evaluated as (!Exists('C:\Program Files (x86)\Microsoft SDKs\Windows Kits\10\ExtensionSDKs\Microsoft.NET.Native.Framework.1.3\1.3\x64\ret\ILToc\System.Private.TypeLoader.iltocpdb'))."
"Message",Low,"Task ""IlcErrorTask"" skipped, due to false condition; (!Exists('$(InputSharedAssemblyPath)\%(SharedLibraryContent.Identity)')) was evaluated as (!Exists('C:\Program Files (x86)\Microsoft SDKs\Windows Kits\10\ExtensionSDKs\Microsoft.NET.Native.Framework.1.3\1.3\x64\ret\ILToc\System.Private.Uri.iltocpdb'))."
"Message",Low,"Task ""IlcErrorTask"" skipped, due to false condition; (!Exists('$(InputSharedAssemblyPath)\%(SharedLibraryContent.Identity)')) was evaluated as (!Exists('C:\Program Files (x86)\Microsoft SDKs\Windows Kits\10\ExtensionSDKs\Microsoft.NET.Native.Framework.1.3\1.3\x64\ret\ILToc\System.Reflection.Extensions.iltocpdb'))."
"Message",Low,"Task ""IlcErrorTask"" skipped, due to false condition; (!Exists('$(InputSharedAssemblyPath)\%(SharedLibraryContent.Identity)')) was evaluated as (!Exists('C:\Program Files (x86)\Microsoft SDKs\Windows Kits\10\ExtensionSDKs\Microsoft.NET.Native.Framework.1.3\1.3\x64\ret\ILToc\System.Reflection.Primitives.iltocpdb'))."
"Message",Low,"Task ""IlcErrorTask"" skipped, due to false condition; (!Exists('$(InputSharedAssemblyPath)\%(SharedLibraryContent.Identity)')) was evaluated as (!Exists('C:\Program Files (x86)\Microsoft SDKs\Windows Kits\10\ExtensionSDKs\Microsoft.NET.Native.Framework.1.3\1.3\x64\ret\ILToc\System.Reflection.TypeExtensions.iltocpdb'))."
"Message",Low,"Task ""IlcErrorTask"" skipped, due to false condition; (!Exists('$(InputSharedAssemblyPath)\%(SharedLibraryContent.Identity)')) was evaluated as (!Exists('C:\Program Files (x86)\Microsoft SDKs\Windows Kits\10\ExtensionSDKs\Microsoft.NET.Native.Framework.1.3\1.3\x64\ret\ILToc\System.Resources.ResourceManager.iltocpdb'))."
"Message",Low,"Task ""IlcErrorTask"" skipped, due to false condition; (!Exists('$(InputSharedAssemblyPath)\%(SharedLibraryContent.Identity)')) was evaluated as (!Exists('C:\Program Files (x86)\Microsoft SDKs\Windows Kits\10\ExtensionSDKs\Microsoft.NET.Native.Framework.1.3\1.3\x64\ret\ILToc\System.Runtime.Extensions.iltocpdb'))."
"Message",Low,"Task ""IlcErrorTask"" skipped, due to false condition; (!Exists('$(InputSharedAssemblyPath)\%(SharedLibraryContent.Identity)')) was evaluated as (!Exists('C:\Program Files (x86)\Microsoft SDKs\Windows Kits\10\ExtensionSDKs\Microsoft.NET.Native.Framework.1.3\1.3\x64\ret\ILToc\System.Runtime.Implementation.iltocpdb'))."
"Message",Low,"Task ""IlcErrorTask"" skipped, due to false condition; (!Exists('$(InputSharedAssemblyPath)\%(SharedLibraryContent.Identity)')) was evaluated as (!Exists('C:\Program Files (x86)\Microsoft SDKs\Windows Kits\10\ExtensionSDKs\Microsoft.NET.Native.Framework.1.3\1.3\x64\ret\ILToc\System.Text.RegularExpressions.iltocpdb'))."
"Message",Low,"Task ""IlcErrorTask"" skipped, due to false condition; (!Exists('$(InputSharedAssemblyPath)\%(SharedLibraryContent.Identity)')) was evaluated as (!Exists('C:\Program Files (x86)\Microsoft SDKs\Windows Kits\10\ExtensionSDKs\Microsoft.NET.Native.Framework.1.3\1.3\x64\ret\ILToc\System.Private.SharedLibrary.Interop.Generated.iltocpdb'))."
"Message",Low,"Task ""IlcErrorTask"" skipped, due to false condition; (!Exists('$(InputSharedAssemblyPath)\%(SharedLibraryContent.Identity)')) was evaluated as (!Exists('C:\Program Files (x86)\Microsoft SDKs\Windows Kits\10\ExtensionSDKs\Microsoft.NET.Native.Framework.1.3\1.3\x64\ret\ILTransformed\System.Collections.ildll'))."
"Message",Low,"Task ""IlcErrorTask"" skipped, due to false condition; (!Exists('$(InputSharedAssemblyPath)\%(SharedLibraryContent.Identity)')) was evaluated as (!Exists('C:\Program Files (x86)\Microsoft SDKs\Windows Kits\10\ExtensionSDKs\Microsoft.NET.Native.Framework.1.3\1.3\x64\ret\ILTransformed\System.Collections.Concurrent.ildll'))."
"Message",Low,"Task ""IlcErrorTask"" skipped, due to false condition; (!Exists('$(InputSharedAssemblyPath)\%(SharedLibraryContent.Identity)')) was evaluated as (!Exists('C:\Program Files (x86)\Microsoft SDKs\Windows Kits\10\ExtensionSDKs\Microsoft.NET.Native.Framework.1.3\1.3\x64\ret\ILTransformed\System.Diagnostics.Tracing.ildll'))."
"Message",Low,"Task ""IlcErrorTask"" skipped, due to false condition; (!Exists('$(InputSharedAssemblyPath)\%(SharedLibraryContent.Identity)')) was evaluated as (!Exists('C:\Program Files (x86)\Microsoft SDKs\Windows Kits\10\ExtensionSDKs\Microsoft.NET.Native.Framework.1.3\1.3\x64\ret\ILTransformed\System.Dynamic.Runtime.ildll'))."
"Message",Low,"Task ""IlcErrorTask"" skipped, due to false condition; (!Exists('$(InputSharedAssemblyPath)\%(SharedLibraryContent.Identity)')) was evaluated as (!Exists('C:\Program Files (x86)\Microsoft SDKs\Windows Kits\10\ExtensionSDKs\Microsoft.NET.Native.Framework.1.3\1.3\x64\ret\ILTransformed\System.IO.ildll'))."
"Message",Low,"Task ""IlcErrorTask"" skipped, due to false condition; (!Exists('$(InputSharedAssemblyPath)\%(SharedLibraryContent.Identity)')) was evaluated as (!Exists('C:\Program Files (x86)\Microsoft SDKs\Windows Kits\10\ExtensionSDKs\Microsoft.NET.Native.Framework.1.3\1.3\x64\ret\ILTransformed\System.Linq.ildll'))."
"Message",Low,"Task ""IlcErrorTask"" skipped, due to false condition; (!Exists('$(InputSharedAssemblyPath)\%(SharedLibraryContent.Identity)')) was evaluated as (!Exists('C:\Program Files (x86)\Microsoft SDKs\Windows Kits\10\ExtensionSDKs\Microsoft.NET.Native.Framework.1.3\1.3\x64\ret\ILTransformed\System.Linq.Expressions.ildll'))."
"Message",Low,"Task ""IlcErrorTask"" skipped, due to false condition; (!Exists('$(InputSharedAssemblyPath)\%(SharedLibraryContent.Identity)')) was evaluated as (!Exists('C:\Program Files (x86)\Microsoft SDKs\Windows Kits\10\ExtensionSDKs\Microsoft.NET.Native.Framework.1.3\1.3\x64\ret\ILTransformed\System.ObjectModel.ildll'))."
"Message",Low,"Task ""IlcErrorTask"" skipped, due to false condition; (!Exists('$(InputSharedAssemblyPath)\%(SharedLibraryContent.Identity)')) was evaluated as (!Exists('C:\Program Files (x86)\Microsoft SDKs\Windows Kits\10\ExtensionSDKs\Microsoft.NET.Native.Framework.1.3\1.3\x64\ret\ILTransformed\System.Private.CoreLib.ildll'))."
"Message",Low,"Task ""IlcErrorTask"" skipped, due to false condition; (!Exists('$(InputSharedAssemblyPath)\%(SharedLibraryContent.Identity)')) was evaluated as (!Exists('C:\Program Files (x86)\Microsoft SDKs\Windows Kits\10\ExtensionSDKs\Microsoft.NET.Native.Framework.1.3\1.3\x64\ret\ILTransformed\System.Private.Interop.ildll'))."
"Message",Low,"Task ""IlcErrorTask"" skipped, due to false condition; (!Exists('$(InputSharedAssemblyPath)\%(SharedLibraryContent.Identity)')) was evaluated as (!Exists('C:\Program Files (x86)\Microsoft SDKs\Windows Kits\10\ExtensionSDKs\Microsoft.NET.Native.Framework.1.3\1.3\x64\ret\ILTransformed\System.Private.Reflection.ildll'))."
"Message",Low,"Task ""IlcErrorTask"" skipped, due to false condition; (!Exists('$(InputSharedAssemblyPath)\%(SharedLibraryContent.Identity)')) was evaluated as (!Exists('C:\Program Files (x86)\Microsoft SDKs\Windows Kits\10\ExtensionSDKs\Microsoft.NET.Native.Framework.1.3\1.3\x64\ret\ILTransformed\System.Private.Reflection.Core.ildll'))."
"Message",Low,"Task ""IlcErrorTask"" skipped, due to false condition; (!Exists('$(InputSharedAssemblyPath)\%(SharedLibraryContent.Identity)')) was evaluated as (!Exists('C:\Program Files (x86)\Microsoft SDKs\Windows Kits\10\ExtensionSDKs\Microsoft.NET.Native.Framework.1.3\1.3\x64\ret\ILTransformed\System.Private.Reflection.Execution.ildll'))."
"Message",Low,"Task ""IlcErrorTask"" skipped, due to false condition; (!Exists('$(InputSharedAssemblyPath)\%(SharedLibraryContent.Identity)')) was evaluated as (!Exists('C:\Program Files (x86)\Microsoft SDKs\Windows Kits\10\ExtensionSDKs\Microsoft.NET.Native.Framework.1.3\1.3\x64\ret\ILTransformed\System.Private.Reflection.Metadata.ildll'))."
"Message",Low,"Task ""IlcErrorTask"" skipped, due to false condition; (!Exists('$(InputSharedAssemblyPath)\%(SharedLibraryContent.Identity)')) was evaluated as (!Exists('C:\Program Files (x86)\Microsoft SDKs\Windows Kits\10\ExtensionSDKs\Microsoft.NET.Native.Framework.1.3\1.3\x64\ret\ILTransformed\System.Private.Threading.ildll'))."
"Message",Low,"Task ""IlcErrorTask"" skipped, due to false condition; (!Exists('$(InputSharedAssemblyPath)\%(SharedLibraryContent.Identity)')) was evaluated as (!Exists('C:\Program Files (x86)\Microsoft SDKs\Windows Kits\10\ExtensionSDKs\Microsoft.NET.Native.Framework.1.3\1.3\x64\ret\ILTransformed\System.Private.TypeLoader.ildll'))."
"Message",Low,"Task ""IlcErrorTask"" skipped, due to false condition; (!Exists('$(InputSharedAssemblyPath)\%(SharedLibraryContent.Identity)')) was evaluated as (!Exists('C:\Program Files (x86)\Microsoft SDKs\Windows Kits\10\ExtensionSDKs\Microsoft.NET.Native.Framework.1.3\1.3\x64\ret\ILTransformed\System.Private.Uri.ildll'))."
"Message",Low,"Task ""IlcErrorTask"" skipped, due to false condition; (!Exists('$(InputSharedAssemblyPath)\%(SharedLibraryContent.Identity)')) was evaluated as (!Exists('C:\Program Files (x86)\Microsoft SDKs\Windows Kits\10\ExtensionSDKs\Microsoft.NET.Native.Framework.1.3\1.3\x64\ret\ILTransformed\System.Reflection.Extensions.ildll'))."
"Message",Low,"Task ""IlcErrorTask"" skipped, due to false condition; (!Exists('$(InputSharedAssemblyPath)\%(SharedLibraryContent.Identity)')) was evaluated as (!Exists('C:\Program Files (x86)\Microsoft SDKs\Windows Kits\10\ExtensionSDKs\Microsoft.NET.Native.Framework.1.3\1.3\x64\ret\ILTransformed\System.Reflection.Primitives.ildll'))."
"Message",Low,"Task ""IlcErrorTask"" skipped, due to false condition; (!Exists('$(InputSharedAssemblyPath)\%(SharedLibraryContent.Identity)')) was evaluated as (!Exists('C:\Program Files (x86)\Microsoft SDKs\Windows Kits\10\ExtensionSDKs\Microsoft.NET.Native.Framework.1.3\1.3\x64\ret\ILTransformed\System.Reflection.TypeExtensions.ildll'))."
"Message",Low,"Task ""IlcErrorTask"" skipped, due to false condition; (!Exists('$(InputSharedAssemblyPath)\%(SharedLibraryContent.Identity)')) was evaluated as (!Exists('C:\Program Files (x86)\Microsoft SDKs\Windows Kits\10\ExtensionSDKs\Microsoft.NET.Native.Framework.1.3\1.3\x64\ret\ILTransformed\System.Resources.ResourceManager.ildll'))."
"Message",Low,"Task ""IlcErrorTask"" skipped, due to false condition; (!Exists('$(InputSharedAssemblyPath)\%(SharedLibraryContent.Identity)')) was evaluated as (!Exists('C:\Program Files (x86)\Microsoft SDKs\Windows Kits\10\ExtensionSDKs\Microsoft.NET.Native.Framework.1.3\1.3\x64\ret\ILTransformed\System.Runtime.Extensions.ildll'))."
"Message",Low,"Task ""IlcErrorTask"" skipped, due to false condition; (!Exists('$(InputSharedAssemblyPath)\%(SharedLibraryContent.Identity)')) was evaluated as (!Exists('C:\Program Files (x86)\Microsoft SDKs\Windows Kits\10\ExtensionSDKs\Microsoft.NET.Native.Framework.1.3\1.3\x64\ret\ILTransformed\System.Runtime.Implementation.ildll'))."
"Message",Low,"Task ""IlcErrorTask"" skipped, due to false condition; (!Exists('$(InputSharedAssemblyPath)\%(SharedLibraryContent.Identity)')) was evaluated as (!Exists('C:\Program Files (x86)\Microsoft SDKs\Windows Kits\10\ExtensionSDKs\Microsoft.NET.Native.Framework.1.3\1.3\x64\ret\ILTransformed\System.Text.RegularExpressions.ildll'))."
"Message",Low,"Task ""IlcErrorTask"" skipped, due to false condition; (!Exists('$(InputSharedAssemblyPath)\%(SharedLibraryContent.Identity)')) was evaluated as (!Exists('C:\Program Files (x86)\Microsoft SDKs\Windows Kits\10\ExtensionSDKs\Microsoft.NET.Native.Framework.1.3\1.3\x64\ret\ILTransformed\System.Private.SharedLibrary.Interop.Generated.ildll'))."
"Message",Low,"Task ""IlcErrorTask"" skipped, due to false condition; (!Exists('$(InputSharedAssemblyPath)\%(SharedLibraryContent.Identity)')) was evaluated as (!Exists('C:\Program Files (x86)\Microsoft SDKs\Windows Kits\10\ExtensionSDKs\Microsoft.NET.Native.Framework.1.3\1.3\x64\ret\ILTransformed\System.Collections.ilpdb'))."
"Message",Low,"Task ""IlcErrorTask"" skipped, due to false condition; (!Exists('$(InputSharedAssemblyPath)\%(SharedLibraryContent.Identity)')) was evaluated as (!Exists('C:\Program Files (x86)\Microsoft SDKs\Windows Kits\10\ExtensionSDKs\Microsoft.NET.Native.Framework.1.3\1.3\x64\ret\ILTransformed\System.Collections.Concurrent.ilpdb'))."
"Message",Low,"Task ""IlcErrorTask"" skipped, due to false condition; (!Exists('$(InputSharedAssemblyPath)\%(SharedLibraryContent.Identity)')) was evaluated as (!Exists('C:\Program Files (x86)\Microsoft SDKs\Windows Kits\10\ExtensionSDKs\Microsoft.NET.Native.Framework.1.3\1.3\x64\ret\ILTransformed\System.Diagnostics.Tracing.ilpdb'))."
"Message",Low,"Task ""IlcErrorTask"" skipped, due to false condition; (!Exists('$(InputSharedAssemblyPath)\%(SharedLibraryContent.Identity)')) was evaluated as (!Exists('C:\Program Files (x86)\Microsoft SDKs\Windows Kits\10\ExtensionSDKs\Microsoft.NET.Native.Framework.1.3\1.3\x64\ret\ILTransformed\System.Dynamic.Runtime.ilpdb'))."
"Message",Low,"Task ""IlcErrorTask"" skipped, due to false condition; (!Exists('$(InputSharedAssemblyPath)\%(SharedLibraryContent.Identity)')) was evaluated as (!Exists('C:\Program Files (x86)\Microsoft SDKs\Windows Kits\10\ExtensionSDKs\Microsoft.NET.Native.Framework.1.3\1.3\x64\ret\ILTransformed\System.IO.ilpdb'))."
"Message",Low,"Task ""IlcErrorTask"" skipped, due to false condition; (!Exists('$(InputSharedAssemblyPath)\%(SharedLibraryContent.Identity)')) was evaluated as (!Exists('C:\Program Files (x86)\Microsoft SDKs\Windows Kits\10\ExtensionSDKs\Microsoft.NET.Native.Framework.1.3\1.3\x64\ret\ILTransformed\System.Linq.ilpdb'))."
"Message",Low,"Task ""IlcErrorTask"" skipped, due to false condition; (!Exists('$(InputSharedAssemblyPath)\%(SharedLibraryContent.Identity)')) was evaluated as (!Exists('C:\Program Files (x86)\Microsoft SDKs\Windows Kits\10\ExtensionSDKs\Microsoft.NET.Native.Framework.1.3\1.3\x64\ret\ILTransformed\System.Linq.Expressions.ilpdb'))."
"Message",Low,"Task ""IlcErrorTask"" skipped, due to false condition; (!Exists('$(InputSharedAssemblyPath)\%(SharedLibraryContent.Identity)')) was evaluated as (!Exists('C:\Program Files (x86)\Microsoft SDKs\Windows Kits\10\ExtensionSDKs\Microsoft.NET.Native.Framework.1.3\1.3\x64\ret\ILTransformed\System.ObjectModel.ilpdb'))."
"Message",Low,"Task ""IlcErrorTask"" skipped, due to false condition; (!Exists('$(InputSharedAssemblyPath)\%(SharedLibraryContent.Identity)')) was evaluated as (!Exists('C:\Program Files (x86)\Microsoft SDKs\Windows Kits\10\ExtensionSDKs\Microsoft.NET.Native.Framework.1.3\1.3\x64\ret\ILTransformed\System.Private.CoreLib.ilpdb'))."
"Message",Low,"Task ""IlcErrorTask"" skipped, due to false condition; (!Exists('$(InputSharedAssemblyPath)\%(SharedLibraryContent.Identity)')) was evaluated as (!Exists('C:\Program Files (x86)\Microsoft SDKs\Windows Kits\10\ExtensionSDKs\Microsoft.NET.Native.Framework.1.3\1.3\x64\ret\ILTransformed\System.Private.Interop.ilpdb'))."
"Message",Low,"Task ""IlcErrorTask"" skipped, due to false condition; (!Exists('$(InputSharedAssemblyPath)\%(SharedLibraryContent.Identity)')) was evaluated as (!Exists('C:\Program Files (x86)\Microsoft SDKs\Windows Kits\10\ExtensionSDKs\Microsoft.NET.Native.Framework.1.3\1.3\x64\ret\ILTransformed\System.Private.Reflection.ilpdb'))."
"Message",Low,"Task ""IlcErrorTask"" skipped, due to false condition; (!Exists('$(InputSharedAssemblyPath)\%(SharedLibraryContent.Identity)')) was evaluated as (!Exists('C:\Program Files (x86)\Microsoft SDKs\Windows Kits\10\ExtensionSDKs\Microsoft.NET.Native.Framework.1.3\1.3\x64\ret\ILTransformed\System.Private.Reflection.Core.ilpdb'))."
"Message",Low,"Task ""IlcErrorTask"" skipped, due to false condition; (!Exists('$(InputSharedAssemblyPath)\%(SharedLibraryContent.Identity)')) was evaluated as (!Exists('C:\Program Files (x86)\Microsoft SDKs\Windows Kits\10\ExtensionSDKs\Microsoft.NET.Native.Framework.1.3\1.3\x64\ret\ILTransformed\System.Private.Reflection.Execution.ilpdb'))."
"Message",Low,"Task ""IlcErrorTask"" skipped, due to false condition; (!Exists('$(InputSharedAssemblyPath)\%(SharedLibraryContent.Identity)')) was evaluated as (!Exists('C:\Program Files (x86)\Microsoft SDKs\Windows Kits\10\ExtensionSDKs\Microsoft.NET.Native.Framework.1.3\1.3\x64\ret\ILTransformed\System.Private.Reflection.Metadata.ilpdb'))."
"Message",Low,"Task ""IlcErrorTask"" skipped, due to false condition; (!Exists('$(InputSharedAssemblyPath)\%(SharedLibraryContent.Identity)')) was evaluated as (!Exists('C:\Program Files (x86)\Microsoft SDKs\Windows Kits\10\ExtensionSDKs\Microsoft.NET.Native.Framework.1.3\1.3\x64\ret\ILTransformed\System.Private.Threading.ilpdb'))."
"Message",Low,"Task ""IlcErrorTask"" skipped, due to false condition; (!Exists('$(InputSharedAssemblyPath)\%(SharedLibraryContent.Identity)')) was evaluated as (!Exists('C:\Program Files (x86)\Microsoft SDKs\Windows Kits\10\ExtensionSDKs\Microsoft.NET.Native.Framework.1.3\1.3\x64\ret\ILTransformed\System.Private.TypeLoader.ilpdb'))."
"Message",Low,"Task ""IlcErrorTask"" skipped, due to false condition; (!Exists('$(InputSharedAssemblyPath)\%(SharedLibraryContent.Identity)')) was evaluated as (!Exists('C:\Program Files (x86)\Microsoft SDKs\Windows Kits\10\ExtensionSDKs\Microsoft.NET.Native.Framework.1.3\1.3\x64\ret\ILTransformed\System.Private.Uri.ilpdb'))."
"Message",Low,"Task ""IlcErrorTask"" skipped, due to false condition; (!Exists('$(InputSharedAssemblyPath)\%(SharedLibraryContent.Identity)')) was evaluated as (!Exists('C:\Program Files (x86)\Microsoft SDKs\Windows Kits\10\ExtensionSDKs\Microsoft.NET.Native.Framework.1.3\1.3\x64\ret\ILTransformed\System.Reflection.Extensions.ilpdb'))."
"Message",Low,"Task ""IlcErrorTask"" skipped, due to false condition; (!Exists('$(InputSharedAssemblyPath)\%(SharedLibraryContent.Identity)')) was evaluated as (!Exists('C:\Program Files (x86)\Microsoft SDKs\Windows Kits\10\ExtensionSDKs\Microsoft.NET.Native.Framework.1.3\1.3\x64\ret\ILTransformed\System.Reflection.Primitives.ilpdb'))."
"Message",Low,"Task ""IlcErrorTask"" skipped, due to false condition; (!Exists('$(InputSharedAssemblyPath)\%(SharedLibraryContent.Identity)')) was evaluated as (!Exists('C:\Program Files (x86)\Microsoft SDKs\Windows Kits\10\ExtensionSDKs\Microsoft.NET.Native.Framework.1.3\1.3\x64\ret\ILTransformed\System.Reflection.TypeExtensions.ilpdb'))."
"Message",Low,"Task ""IlcErrorTask"" skipped, due to false condition; (!Exists('$(InputSharedAssemblyPath)\%(SharedLibraryContent.Identity)')) was evaluated as (!Exists('C:\Program Files (x86)\Microsoft SDKs\Windows Kits\10\ExtensionSDKs\Microsoft.NET.Native.Framework.1.3\1.3\x64\ret\ILTransformed\System.Resources.ResourceManager.ilpdb'))."
"Message",Low,"Task ""IlcErrorTask"" skipped, due to false condition; (!Exists('$(InputSharedAssemblyPath)\%(SharedLibraryContent.Identity)')) was evaluated as (!Exists('C:\Program Files (x86)\Microsoft SDKs\Windows Kits\10\ExtensionSDKs\Microsoft.NET.Native.Framework.1.3\1.3\x64\ret\ILTransformed\System.Runtime.Extensions.ilpdb'))."
"Message",Low,"Task ""IlcErrorTask"" skipped, due to false condition; (!Exists('$(InputSharedAssemblyPath)\%(SharedLibraryContent.Identity)')) was evaluated as (!Exists('C:\Program Files (x86)\Microsoft SDKs\Windows Kits\10\ExtensionSDKs\Microsoft.NET.Native.Framework.1.3\1.3\x64\ret\ILTransformed\System.Runtime.Implementation.ilpdb'))."
"Message",Low,"Task ""IlcErrorTask"" skipped, due to false condition; (!Exists('$(InputSharedAssemblyPath)\%(SharedLibraryContent.Identity)')) was evaluated as (!Exists('C:\Program Files (x86)\Microsoft SDKs\Windows Kits\10\ExtensionSDKs\Microsoft.NET.Native.Framework.1.3\1.3\x64\ret\ILTransformed\System.Text.RegularExpressions.ilpdb'))."
"Message",Low,"Task ""IlcErrorTask"" skipped, due to false condition; (!Exists('$(InputSharedAssemblyPath)\%(SharedLibraryContent.Identity)')) was evaluated as (!Exists('C:\Program Files (x86)\Microsoft SDKs\Windows Kits\10\ExtensionSDKs\Microsoft.NET.Native.Framework.1.3\1.3\x64\ret\ILTransformed\System.Private.SharedLibrary.Interop.Generated.ilpdb'))."
"Message",Low,"Task ""IlcErrorTask"" skipped, due to false condition; (!Exists('$(InputSharedAssemblyPath)\%(SharedLibraryContent.Identity)')) was evaluated as (!Exists('C:\Program Files (x86)\Microsoft SDKs\Windows Kits\10\ExtensionSDKs\Microsoft.NET.Native.Framework.1.3\1.3\x64\ret\Toc\System.Collections.toc'))."
"Message",Low,"Task ""IlcErrorTask"" skipped, due to false condition; (!Exists('$(InputSharedAssemblyPath)\%(SharedLibraryContent.Identity)')) was evaluated as (!Exists('C:\Program Files (x86)\Microsoft SDKs\Windows Kits\10\ExtensionSDKs\Microsoft.NET.Native.Framework.1.3\1.3\x64\ret\Toc\System.Collections.Concurrent.toc'))."
"Message",Low,"Task ""IlcErrorTask"" skipped, due to false condition; (!Exists('$(InputSharedAssemblyPath)\%(SharedLibraryContent.Identity)')) was evaluated as (!Exists('C:\Program Files (x86)\Microsoft SDKs\Windows Kits\10\ExtensionSDKs\Microsoft.NET.Native.Framework.1.3\1.3\x64\ret\Toc\System.Diagnostics.Tracing.toc'))."
"Message",Low,"Task ""IlcErrorTask"" skipped, due to false condition; (!Exists('$(InputSharedAssemblyPath)\%(SharedLibraryContent.Identity)')) was evaluated as (!Exists('C:\Program Files (x86)\Microsoft SDKs\Windows Kits\10\ExtensionSDKs\Microsoft.NET.Native.Framework.1.3\1.3\x64\ret\Toc\System.Dynamic.Runtime.toc'))."
"Message",Low,"Task ""IlcErrorTask"" skipped, due to false condition; (!Exists('$(InputSharedAssemblyPath)\%(SharedLibraryContent.Identity)')) was evaluated as (!Exists('C:\Program Files (x86)\Microsoft SDKs\Windows Kits\10\ExtensionSDKs\Microsoft.NET.Native.Framework.1.3\1.3\x64\ret\Toc\System.IO.toc'))."
"Message",Low,"Task ""IlcErrorTask"" skipped, due to false condition; (!Exists('$(InputSharedAssemblyPath)\%(SharedLibraryContent.Identity)')) was evaluated as (!Exists('C:\Program Files (x86)\Microsoft SDKs\Windows Kits\10\ExtensionSDKs\Microsoft.NET.Native.Framework.1.3\1.3\x64\ret\Toc\System.Linq.toc'))."
"Message",Low,"Task ""IlcErrorTask"" skipped, due to false condition; (!Exists('$(InputSharedAssemblyPath)\%(SharedLibraryContent.Identity)')) was evaluated as (!Exists('C:\Program Files (x86)\Microsoft SDKs\Windows Kits\10\ExtensionSDKs\Microsoft.NET.Native.Framework.1.3\1.3\x64\ret\Toc\System.Linq.Expressions.toc'))."
"Message",Low,"Task ""IlcErrorTask"" skipped, due to false condition; (!Exists('$(InputSharedAssemblyPath)\%(SharedLibraryContent.Identity)')) was evaluated as (!Exists('C:\Program Files (x86)\Microsoft SDKs\Windows Kits\10\ExtensionSDKs\Microsoft.NET.Native.Framework.1.3\1.3\x64\ret\Toc\System.ObjectModel.toc'))."
"Message",Low,"Task ""IlcErrorTask"" skipped, due to false condition; (!Exists('$(InputSharedAssemblyPath)\%(SharedLibraryContent.Identity)')) was evaluated as (!Exists('C:\Program Files (x86)\Microsoft SDKs\Windows Kits\10\ExtensionSDKs\Microsoft.NET.Native.Framework.1.3\1.3\x64\ret\Toc\System.Private.CoreLib.toc'))."
"Message",Low,"Task ""IlcErrorTask"" skipped, due to false condition; (!Exists('$(InputSharedAssemblyPath)\%(SharedLibraryContent.Identity)')) was evaluated as (!Exists('C:\Program Files (x86)\Microsoft SDKs\Windows Kits\10\ExtensionSDKs\Microsoft.NET.Native.Framework.1.3\1.3\x64\ret\Toc\System.Private.Interop.toc'))."
"Message",Low,"Task ""IlcErrorTask"" skipped, due to false condition; (!Exists('$(InputSharedAssemblyPath)\%(SharedLibraryContent.Identity)')) was evaluated as (!Exists('C:\Program Files (x86)\Microsoft SDKs\Windows Kits\10\ExtensionSDKs\Microsoft.NET.Native.Framework.1.3\1.3\x64\ret\Toc\System.Private.Reflection.toc'))."
"Message",Low,"Task ""IlcErrorTask"" skipped, due to false condition; (!Exists('$(InputSharedAssemblyPath)\%(SharedLibraryContent.Identity)')) was evaluated as (!Exists('C:\Program Files (x86)\Microsoft SDKs\Windows Kits\10\ExtensionSDKs\Microsoft.NET.Native.Framework.1.3\1.3\x64\ret\Toc\System.Private.Reflection.Core.toc'))."
"Message",Low,"Task ""IlcErrorTask"" skipped, due to false condition; (!Exists('$(InputSharedAssemblyPath)\%(SharedLibraryContent.Identity)')) was evaluated as (!Exists('C:\Program Files (x86)\Microsoft SDKs\Windows Kits\10\ExtensionSDKs\Microsoft.NET.Native.Framework.1.3\1.3\x64\ret\Toc\System.Private.Reflection.Execution.toc'))."
"Message",Low,"Task ""IlcErrorTask"" skipped, due to false condition; (!Exists('$(InputSharedAssemblyPath)\%(SharedLibraryContent.Identity)')) was evaluated as (!Exists('C:\Program Files (x86)\Microsoft SDKs\Windows Kits\10\ExtensionSDKs\Microsoft.NET.Native.Framework.1.3\1.3\x64\ret\Toc\System.Private.Reflection.Metadata.toc'))."
"Message",Low,"Task ""IlcErrorTask"" skipped, due to false condition; (!Exists('$(InputSharedAssemblyPath)\%(SharedLibraryContent.Identity)')) was evaluated as (!Exists('C:\Program Files (x86)\Microsoft SDKs\Windows Kits\10\ExtensionSDKs\Microsoft.NET.Native.Framework.1.3\1.3\x64\ret\Toc\System.Private.Threading.toc'))."
"Message",Low,"Task ""IlcErrorTask"" skipped, due to false condition; (!Exists('$(InputSharedAssemblyPath)\%(SharedLibraryContent.Identity)')) was evaluated as (!Exists('C:\Program Files (x86)\Microsoft SDKs\Windows Kits\10\ExtensionSDKs\Microsoft.NET.Native.Framework.1.3\1.3\x64\ret\Toc\System.Private.TypeLoader.toc'))."
"Message",Low,"Task ""IlcErrorTask"" skipped, due to false condition; (!Exists('$(InputSharedAssemblyPath)\%(SharedLibraryContent.Identity)')) was evaluated as (!Exists('C:\Program Files (x86)\Microsoft SDKs\Windows Kits\10\ExtensionSDKs\Microsoft.NET.Native.Framework.1.3\1.3\x64\ret\Toc\System.Private.Uri.toc'))."
"Message",Low,"Task ""IlcErrorTask"" skipped, due to false condition; (!Exists('$(InputSharedAssemblyPath)\%(SharedLibraryContent.Identity)')) was evaluated as (!Exists('C:\Program Files (x86)\Microsoft SDKs\Windows Kits\10\ExtensionSDKs\Microsoft.NET.Native.Framework.1.3\1.3\x64\ret\Toc\System.Reflection.Extensions.toc'))."
"Message",Low,"Task ""IlcErrorTask"" skipped, due to false condition; (!Exists('$(InputSharedAssemblyPath)\%(SharedLibraryContent.Identity)')) was evaluated as (!Exists('C:\Program Files (x86)\Microsoft SDKs\Windows Kits\10\ExtensionSDKs\Microsoft.NET.Native.Framework.1.3\1.3\x64\ret\Toc\System.Reflection.Primitives.toc'))."
"Message",Low,"Task ""IlcErrorTask"" skipped, due to false condition; (!Exists('$(InputSharedAssemblyPath)\%(SharedLibraryContent.Identity)')) was evaluated as (!Exists('C:\Program Files (x86)\Microsoft SDKs\Windows Kits\10\ExtensionSDKs\Microsoft.NET.Native.Framework.1.3\1.3\x64\ret\Toc\System.Reflection.TypeExtensions.toc'))."
"Message",Low,"Task ""IlcErrorTask"" skipped, due to false condition; (!Exists('$(InputSharedAssemblyPath)\%(SharedLibraryContent.Identity)')) was evaluated as (!Exists('C:\Program Files (x86)\Microsoft SDKs\Windows Kits\10\ExtensionSDKs\Microsoft.NET.Native.Framework.1.3\1.3\x64\ret\Toc\System.Resources.ResourceManager.toc'))."
"Message",Low,"Task ""IlcErrorTask"" skipped, due to false condition; (!Exists('$(InputSharedAssemblyPath)\%(SharedLibraryContent.Identity)')) was evaluated as (!Exists('C:\Program Files (x86)\Microsoft SDKs\Windows Kits\10\ExtensionSDKs\Microsoft.NET.Native.Framework.1.3\1.3\x64\ret\Toc\System.Runtime.Extensions.toc'))."
"Message",Low,"Task ""IlcErrorTask"" skipped, due to false condition; (!Exists('$(InputSharedAssemblyPath)\%(SharedLibraryContent.Identity)')) was evaluated as (!Exists('C:\Program Files (x86)\Microsoft SDKs\Windows Kits\10\ExtensionSDKs\Microsoft.NET.Native.Framework.1.3\1.3\x64\ret\Toc\System.Runtime.Implementation.toc'))."
"Message",Low,"Task ""IlcErrorTask"" skipped, due to false condition; (!Exists('$(InputSharedAssemblyPath)\%(SharedLibraryContent.Identity)')) was evaluated as (!Exists('C:\Program Files (x86)\Microsoft SDKs\Windows Kits\10\ExtensionSDKs\Microsoft.NET.Native.Framework.1.3\1.3\x64\ret\Toc\System.Text.RegularExpressions.toc'))."
"Message",Low,"Task ""IlcErrorTask"" skipped, due to false condition; (!Exists('$(InputSharedAssemblyPath)\%(SharedLibraryContent.Identity)')) was evaluated as (!Exists('C:\Program Files (x86)\Microsoft SDKs\Windows Kits\10\ExtensionSDKs\Microsoft.NET.Native.Framework.1.3\1.3\x64\ret\Toc\System.Private.SharedLibrary.Interop.Generated.toc'))."
"Message",Low,"Task ""IlcErrorTask"" skipped, due to false condition; (!Exists('$(InputSharedAssemblyPath)\%(SharedLibraryContent.Identity)')) was evaluated as (!Exists('C:\Program Files (x86)\Microsoft SDKs\Windows Kits\10\ExtensionSDKs\Microsoft.NET.Native.Framework.1.3\1.3\x64\ret\MDIL\SharedLibrary.mdildll'))."
"Message",Low,"Done building target ""SetForSharedInputs"" in project ""Unnamed_1""."
"Message",Low,"Target ""SetForBuildSharedAssemblies"" skipped, due to false condition; ('$(BuildSharedAssemblies)' == 'true') was evaluated as ('false' == 'true')."
"Message",Low,"Target ""ResolveInitialReferences"" in file ""C:\Program Files (x86)\MSBuild\Microsoft\.NetNative\x64\ilc\IlcInternals.targets"" from project ""C:\Users\mike_\Documents\Visual Studio 2015\Projects\Universal\Universal\Unnamed_1"" (target ""RunILTransforms"" depends on it):"
"Message",Low,"Task ""ResolveFilePathTask"""
"Message",Low,"Done executing task ""ResolveFilePathTask""."
"Message",Low,"Task ""IlcErrorTask"" skipped, due to false condition; ('@(UnresolvedInitialAssemblyClosureRoots)' != '') was evaluated as ('' != '')."
"Message",Low,"Task ""ResolveFilePathTask"""
"Message",Low,"Done executing task ""ResolveFilePathTask""."
"Message",Low,"Task ""IlcErrorTask"" skipped, due to false condition; ('@(UnresolvedManagedDllFilesErrorParameters)'!='') was evaluated as (''!='')."
"Message",Low,"Task ""Message"""
"Message",Normal,"Running AssemblyClosureTask in ResolveInitialReferences (1)"
"Message",Low,"Done executing task ""Message""."
"Message",Low,"Task ""AssemblyClosureTask"""
"Message",Low,"Done executing task ""AssemblyClosureTask""."
"Message",Low,"Task ""Message"""
"Message",Normal,"Running AssemblyClosureTask in ResolveInitialReferences (2)"
"Message",Low,"Done executing task ""Message""."
"Message",Low,"Task ""AssemblyClosureTask"""
"Message",Low,"Done executing task ""AssemblyClosureTask""."
"Message",Low,"Using ""RemoveDuplicates"" task from assembly ""Microsoft.Build.Tasks.v4.0, Version=4.0.0.0, Culture=neutral, PublicKeyToken=b03f5f7f11d50a3a""."
"Message",Low,"Task ""RemoveDuplicates"""
"Message",Low,"Done executing task ""RemoveDuplicates""."
"Message",Low,"Done building target ""ResolveInitialReferences"" in project ""Unnamed_1""."
"Message",Low,"Target ""RunILTransforms"" in file ""C:\Program Files (x86)\MSBuild\Microsoft\.NetNative\x64\ilc\IlcInternals.targets"" from project ""C:\Users\mike_\Documents\Visual Studio 2015\Projects\Universal\Universal\Unnamed_1"" (target ""MDILPrepareMultiFile"" depends on it):"
"Message",Low,"Building target ""RunILTransforms"" completely."
"Message",Low,"Output file ""C:\Users\mike_\Documents\Visual Studio 2015\Projects\Universal\Universal\obj\x64\Release\ilc\intermediate\ILTransformed\Universal.ilexe"" does not exist."
"Message",Low,"Task ""IlcMessageTask"""
"Message",High,"Processing application code"
"Message",Low,"Done executing task ""IlcMessageTask""."
"Message",Low,"Using ""ValidateSimpleNamesTask"" task from assembly ""C:\Program Files (x86)\MSBuild\Microsoft\.NetNative\x64\ilc\ilc.exe""."
"Message",Low,"Task ""ValidateSimpleNamesTask"""
"Message",Low,"Done executing task ""ValidateSimpleNamesTask""."
"Message",Low,"Task ""MakeDir"""
"Message",Normal,"Creating directory ""C:\Users\mike_\Documents\Visual Studio 2015\Projects\Universal\Universal\obj\x64\Release\ilc\intermediate\ILTransformed\""."
"Message",Low,"Done executing task ""MakeDir""."
"Message",Low,"Task ""MakeDir"" skipped, due to false condition; ('$(BuildSharedAssemblies)' == 'true') was evaluated as ('false' == 'true')."
"Message",Low,"Task ""MakeDir"" skipped, due to false condition; ('$(BuildSharedAssemblies)' == 'true') was evaluated as ('false' == 'true')."
"Message",Low,"Task ""IlcErrorTask"" skipped, due to false condition; ('$(PlatformTarget)'=='') was evaluated as ('x64'=='')."
"Message",Low,"Task ""ResolveFilePathTask"""
"Message",Low,"Done executing task ""ResolveFilePathTask""."
"Message",Low,"Task ""IlcErrorTask"" skipped, due to false condition; ('@(UnresolvedMcgSourceContractsReferencesErrorParameters)'!='') was evaluated as (''!='')."
"Message",Low,"Task ""ResolveFilePathTask"""
"Message",Low,"Done executing task ""ResolveFilePathTask""."
"Message",Low,"Task ""IlcErrorTask"" skipped, due to false condition; ('@(UnresolvedMcgSourceFacadeErrorParameters)'!='') was evaluated as (''!='')."
"Message",Low,"Task ""ResolveFilePathTask"""
"Message",Low,"Done executing task ""ResolveFilePathTask""."
"Message",Low,"Task ""IlcErrorTask"" skipped, due to false condition; ('@(UnresolvedFinalAssemblyClosureRoots)' != '') was evaluated as ('' != '')."
"Message",Low,"Task ""ResolveFilePathTask"""
"Message",Low,"Done executing task ""ResolveFilePathTask""."
"Message",Low,"Task ""IlcErrorTask"" skipped, due to false condition; ('@(UnresolvedManagedDllFilesErrorParameters)'!='') was evaluated as (''!='')."
"Message",Low,"Task ""Message"""
"Message",Normal,"Running AssemblyClosureTask in RunILTransforms"
"Message",Low,"Done executing task ""Message""."
"Message",Low,"Task ""AssemblyClosureTask"""
"Message",Low,"Done executing task ""AssemblyClosureTask""."
"Message",Low,"Task ""ResolveFilePathTask"" skipped, due to false condition; ('$(UseSharedAssemblies)' != 'true') was evaluated as ('true' != 'true')."
"Message",Low,"Task ""IlcErrorTask"" skipped, due to false condition; ('@(UnresolvedCoreAssemblyErrorParameters)'!='') was evaluated as (''!='')."
"Message",Low,"Task ""RemoveDuplicates"""
"Message",Low,"Done executing task ""RemoveDuplicates""."
"Message",Low,"Task ""AddToNativePackageTask"" skipped, due to false condition; ('@(NeedsClrCompression)' != '') was evaluated as ('' != '')."
"Message",Low,"Task ""MakeDir"""
"Message",Normal,"Creating directory ""C:\Users\mike_\Documents\Visual Studio 2015\Projects\Universal\Universal\obj\x64\Release\ilc\intermediate\SgGenerated""."
"Message",Low,"Done executing task ""MakeDir""."
"Message",Low,"Task ""WriteLinesToFile"""
"Message",Low,"Done executing task ""WriteLinesToFile""."
"Message",Low,"Task ""MakeDir"""
"Message",Normal,"Creating directory ""C:\Users\mike_\Documents\Visual Studio 2015\Projects\Universal\Universal\obj\x64\Release\ilc\intermediate\ResW\""."
"Message",Low,"Done executing task ""MakeDir""."
"Message",Low,"Task ""IlcWarningTask"" skipped, due to false condition; ('$(BuildSharedAssemblies)' != 'true' and '@(ReducerInputFiles)' == '') was evaluated as ('false' != 'true' and 'C:\Users\mike_\Documents\Visual Studio 2015\Projects\Universal\Universal\obj\x64\Release\ilc\in\Properties\Default.rd.xml' == '')."
"Message",Low,"Task ""ILTransformTask"""
"Message",Normal,"Running 'Analysis' transform, heap at 17 MB."
"Message",Low,"Loading 56 modules..."
"Message",Normal,"Imported reflection directives from 8 files:"
"Message",Normal,"C:\Users\mike_\Documents\Visual Studio 2015\Projects\Universal\Universal\obj\x64\Release\ilc\in\Properties\Default.rd.xml"
"Message",Normal,"Embedded manifest in System.Diagnostics.Tracing: Resources.System.Diagnostics.Tracing.rd.xml"
"Message",Normal,"Embedded manifest in System.Runtime.Serialization.Primitives: System.Runtime.Serialization.Primitives.Resources.System.Runtime.Serialization.Primitives.rd.xml"
"Message",Normal,"Embedded manifest in System.Private.Reflection: System.Private.Reflection.rd.xml"
"Message",Normal,"Embedded manifest in System.Private.CoreLib: Resources.System.Private.CoreLib.rd.xml"
"Message",Normal,"Embedded manifest in System.Private.Uri: Resources.System.Private.Uri.rd.xml"
"Message",Normal,"Embedded manifest in System.Private.Reflection.Core: System.Private.Reflection.Core.rd.xml"
"Message",Normal,"Embedded manifest in System.Private.Interop: Resources.System.Private.Interop.rd.xml"
"Message",Normal,"Imported XAML Roots from 1 files:"
"Message",Normal,"C:\Users\mike_\Documents\Visual Studio 2015\Projects\Universal\Universal\obj\x64\Release\ilc\in\Universal.xr.xml"
"Message",Normal,"Running 'Mcg' transform, heap at 97 MB."
"Message",High,"Computing application closure and generating interop code"
"Message",Normal,"  List of .lib files:"
"Message",Normal,"      WindowsApp.lib"
"Message",Normal,"  List of .lib search paths:"
"Message",Normal,"      C:\Program Files (x86)\Windows Kits\10\lib\10.0.10586.0\um\x64"
"Message",Normal,"  Loading exports from libs..."
"Message",Normal,"      2409 exports read from 'C:\Program Files (x86)\Windows Kits\10\lib\10.0.10586.0\um\x64\WindowsApp.lib'."
"Message",Normal,"  Loading 56 modules..."
"Message",Normal,"  Generating code..."
"Message",Normal,"      Resolving P/invokes..."
"Message",Normal,"          P/Invoke 'RhWaitForPendingFinalizers' could not be resolved but ExactSpelling specified , defaulting to [MRT]!RhWaitForPendingFinalizers"
"Message",Normal,"          P/Invoke 'RhCompatibleReentrantWaitAny' could not be resolved but ExactSpelling specified , defaulting to [MRT]!RhCompatibleReentrantWaitAny"
"Message",Normal,"          P/Invoke '_ecvt_s' could not be resolved but ExactSpelling specified , defaulting to [MRT]!_ecvt_s"
"Message",Normal,"          P/Invoke 'memmove' could not be resolved but ExactSpelling specified , defaulting to [MRT]!memmove"
"Message",Normal,"          P/Invoke 'CallingConventionConverter_GetStubs' could not be resolved but ExactSpelling specified , defaulting to *!CallingConventionConverter_GetStubs"
"Message",Normal,"          P/Invoke 'GetLastError' resolved to api-ms-win-core-errorhandling-l1-1-1.dll!GetLastError"
"Message",Normal,"          P/Invoke 'RoInitialize' resolved to api-ms-win-core-winrt-l1-1-0.dll!RoInitialize"
"Message",Normal,"          P/Invoke 'IsValidLocaleName' resolved to api-ms-win-core-localization-l1-2-1.dll!IsValidLocaleName"
"Message",Normal,"          P/Invoke 'ResolveLocaleName' resolved to api-ms-win-core-localization-l1-2-1.dll!ResolveLocaleName"
"Message",Normal,"          P/Invoke 'GetCPInfoExW' resolved to api-ms-win-core-localization-l1-2-1.dll!GetCPInfoExW"
"Message",Normal,"          P/Invoke 'CoCreateInstance' could not be resolved but ExactSpelling specified , defaulting to api-ms-win-core-com-l1-1-0.dll!CoCreateInstance"
"Message",Normal,"          P/Invoke 'SysFreeString' resolved to oleaut32.dll!#6"
"Message",Normal,"          P/Invoke 'RoGetBufferMarshaler' resolved to api-ms-win-core-winrt-robuffer-l1-1-0.dll!RoGetBufferMarshaler"
"Message",Normal,"  Interop code generated."
"Message",Normal,"  Written code to AssemblyInfo.g.cs"
"Message",Normal,"  Written code to Adapters.g.cs"
"Message",Normal,"  Written code to Data.g.cs"
"Message",Normal,"  Written code to Helpers.g.cs"
"Message",Normal,"  Written code to ImplTypes.g.cs"
"Message",Normal,"  Written code to PInvoke.g.cs"
"Message",Normal,"  Written code to SafeTypes.g.cs"
"Message",Normal,"  Written code to SharedStubs.g.cs"
"Message",Normal,"  Written code to Universal.ITFProxy.g.cs"
"Message",Normal,"Running 'CompileMcgSourceAndSerializationAssemblyGenerator' transform, heap at 102 MB."
"Message",High,"Generating serialization code"
"Message",High,"Compiling interop code"
"Message",Low,"Compiling MCG output with arguments:  /debug:""pdbonly"" /nowarn:""0436;0618;1668;1685;1701;1702"" /debug+ /nostdlib+ /optimize+ /out:""C:\Users\mike_\Documents\Visual Studio 2015\Projects\Universal\Universal\obj\x64\Release\ilc\intermediate\Universal.McgInterop.dll"" /pdb:""C:\Users\mike_\Documents\Visual Studio 2015\Projects\Universal\Universal\obj\x64\Release\ilc\intermediate\Universal.McgInterop.pdb"" /platform:""x64"" /warnaserror+ /unsafe /noconfig /nologo /target:library /define:""WIN64"" /define:""AMD64"" /define:""ALIGN_ACCESS"" /define:""MCG_PRE_BUILD"" /r:""C:\Program Files (x86)\MSBuild\Microsoft\.NetNative\x64\ilc\lib\Private\System.Private.Corelib.dll"" /r:""C:\Program Files (x86)\MSBuild\Microsoft\.NetNative\x64\ilc\lib\Private\System.Private.Corelib.InteropServices.dll"" /r:""C:\Program Files (x86)\MSBuild\Microsoft\.NetNative\x64\ilc\lib\Private\System.Private.Interop.dll"" /r:""C:\Users\mike_\Documents\Visual Studio 2015\Projects\Universal\Universal\obj\x64\Release\ilc\in\System.Private.Uri.dll"" /r:""C:\Program Files (x86)\MSBuild\Microsoft\.NetNative\x64\ilc\lib\Private\System.Private.CompilerServices.ICastable.dll"" /r:""C:\Program Files (x86)\MSBuild\Microsoft\.NetNative\x64\ilc\lib\Private\System.Private.Reflection.dll"" /r:""C:\Program Files (x86)\MSBuild\Microsoft\.NetNative\x64\ilc\lib\Private\System.Private.DispatchProxy.dll"" /r:""C:\Users\mike_\Documents\Visual Studio 2015\Projects\Universal\Universal\obj\x64\Release\ilc\in\System.Reflection.DispatchProxy.dll"" /r:""C:\Users\mike_\Documents\Visual Studio 2015\Projects\Universal\Universal\obj\x64\Release\ilc\in\System.Reflection.dll"" /r:""C:\Users\mike_\Documents\Visual Studio 2015\Projects\Universal\Universal\obj\x64\Release\ilc\in\System.Runtime.dll"" /r:""C:\Users\mike_\Documents\Visual Studio 2015\Projects\Universal\Universal\obj\x64\Release\ilc\in\System.Runtime.InteropServices.dll"" /r:""C:\Users\mike_\Documents\Visual Studio 2015\Projects\Universal\Universal\obj\x64\Release\ilc\in\System.Runtime.InteropServices.WindowsRuntime.dll"" /r:""C:\Users\mike_\Documents\Visual Studio 2015\Projects\Universal\Universal\obj\x64\Release\ilc\in\System.Numerics.Vectors.dll"" /r:""C:\Users\mike_\Documents\Visual Studio 2015\Projects\Universal\Universal\obj\x64\Release\ilc\in\System.Threading.dll"" /r:""C:\Users\mike_\Documents\Visual Studio 2015\Projects\Universal\Universal\obj\x64\Release\ilc\in\System.Diagnostics.Debug.dll"" /r:""C:\Users\mike_\Documents\Visual Studio 2015\Projects\Universal\Universal\obj\x64\Release\ilc\intermediate\TransformedSRWR\System.Runtime.WindowsRuntime.dll"" /r:""C:\Users\mike_\Documents\Visual Studio 2015\Projects\Universal\Universal\obj\x64\Release\ilc\in\System.Runtime.WindowsRuntime.UI.Xaml.dll"" /r:""C:\Users\mike_\Documents\Visual Studio 2015\Projects\Universal\Universal\obj\x64\Release\ilc\in\System.Dynamic.Runtime.dll"" /r:""C:\Program Files (x86)\MSBuild\Microsoft\.NetNative\x64\ilc\lib\Private\System.Private.CoreLib.Augments.dll"" /r:""C:\Users\mike_\Documents\Visual Studio 2015\Projects\Universal\Universal\obj\x64\Release\ilc\in\System.Runtime.Extensions.dll"" /r:""C:\Users\mike_\Documents\Visual Studio 2015\Projects\Universal\Universal\obj\x64\Release\ilc\in\System.Collections.dll"" /r:""C:\Users\mike_\Documents\Visual Studio 2015\Projects\Universal\Universal\obj\x64\Release\ilc\in\System.ObjectModel.dll"" /r:""C:\Program Files (x86)\Microsoft SDKs\Windows Kits\10\ExtensionSDKs\Microsoft.NET.Native.Framework.1.3\1.3\x64\ret\AnalysisILToc\System.Private.SharedLibrary.Interop.Generated.iltoc"" ""C:\Users\mike_\Documents\Visual Studio 2015\Projects\Universal\Universal\obj\x64\Release\ilc\intermediate\Universal.ITFProxy.g.cs"" ""C:\Users\mike_\Documents\Visual Studio 2015\Projects\Universal\Universal\obj\x64\Release\ilc\intermediate\Universal.McgInterop\Adapters.g.cs"" ""C:\Users\mike_\Documents\Visual Studio 2015\Projects\Universal\Universal\obj\x64\Release\ilc\intermediate\Universal.McgInterop\AssemblyInfo.g.cs"" ""C:\Users\mike_\Documents\Visual Studio 2015\Projects\Universal\Universal\obj\x64\Release\ilc\intermediate\Universal.McgInterop\Data.g.cs"" ""C:\Users\mike_\Documents\Visual Studio 2015\Projects\Universal\Universal\obj\x64\Release\ilc\intermediate\Universal.McgInterop\Helpers.g.cs"" ""C:\Users\mike_\Documents\Visual Studio 2015\Projects\Universal\Universal\obj\x64\Release\ilc\intermediate\Universal.McgInterop\ImplTypes.g.cs"" ""C:\Users\mike_\Documents\Visual Studio 2015\Projects\Universal\Universal\obj\x64\Release\ilc\intermediate\Universal.McgInterop\PInvoke.g.cs"" ""C:\Users\mike_\Documents\Visual Studio 2015\Projects\Universal\Universal\obj\x64\Release\ilc\intermediate\Universal.McgInterop\SafeTypes.g.cs"" ""C:\Users\mike_\Documents\Visual Studio 2015\Projects\Universal\Universal\obj\x64\Release\ilc\intermediate\Universal.McgInterop\SharedStubs.g.cs"""
"Message",Normal,"Running 'DumpNativeResources' transform, heap at 103 MB."
"Message",Normal,"Running 'ReducedCopyInitialize' transform, heap at 103 MB."
"Message",Normal,"Running 'ReducedCopyEmptyTypes' transform, heap at 133 MB."
"Message",Normal,"Running 'ReducedCopyPopulateTypes' transform, heap at 96 MB."
"Message",Normal,"Running 'ReducedCopyLateMetadata' transform, heap at 105 MB."
"Message",Normal,"Running 'ReducedCopyMethodBodies' transform, heap at 114 MB."
"Message",Normal,"Running 'ReducedCopyComplete' transform, heap at 128 MB."
"Message",Normal,"Running 'ReducedCopyCleanup' transform, heap at 119 MB."
"Message",Normal,"Running 'DeveloperExperienceModeOnlyCodeRemover' transform, heap at 119 MB."
"Message",Normal,"Running 'ComImportDetector' transform, heap at 125 MB."
"Message",Normal,"Running 'McgAccessor' transform, heap at 125 MB."
"Message",Normal,"Running 'McgRedirect' transform, heap at 125 MB."
"Message",Normal,"Running 'McgRedirect' transform, heap at 127 MB."
"Message",Normal,"Running 'McgTypeOf' transform, heap at 127 MB."
"Message",Normal,"Running 'ExceptionMiniaturizer' transform, heap at 129 MB."
"Message",Normal,"Running 'EventSource' transform, heap at 136 MB."
"Message",Normal,"Running 'ValueType' transform, heap at 136 MB."
"Message",Normal,"Running 'Attribute' transform, heap at 136 MB."
"Message",Normal,"Running 'GetType' transform, heap at 137 MB."
"Message",Normal,"Running 'McgFixups' transform, heap at 137 MB."
"Message",Normal,"Running 'ResourceManagerCtor' transform, heap at 137 MB."
"Message",Normal,"Running 'TypeofTypeHandle' transform, heap at 137 MB."
"Message",Normal,"Running 'DispatchProxyIntrinsics' transform, heap at 139 MB."
"Message",Normal,"Running 'StaticInitData' transform, heap at 139 MB."
"Message",Normal,"Running 'StartupCodeInjector' transform, heap at 144 MB."
"Message",Normal,"Running 'InjectAppContextSwitches' transform, heap at 145 MB."
"Message",Normal,"Running 'ImplementLibraryDynamicInvokeHelpers' transform, heap at 145 MB."
"Message",Normal,"Running 'Delegate' transform, heap at 145 MB."
"Message",Normal,"Running 'DelegateCtorCall' transform, heap at 150 MB."
"Message",Normal,"Running 'LazyGenerics' transform, heap at 150 MB."
"Message",Normal,"Running 'AddReflectionBlockedAttributes' transform, heap at 155 MB."
"Message",Normal,"Running 'DisableOptimization' transform, heap at 156 MB."
"Message",Normal,"Running 'CreateMetadata' transform, heap at 156 MB."
"Message",Normal,"Running 'SaveRVAStatics' transform, heap at 162 MB."
"Message",Normal,"Running 'ReflectionInvoke' transform, heap at 162 MB."
"Message",Normal,"Running 'ScrubOpenCalls' transform, heap at 162 MB."
"Message",Normal,"Running 'Calli' transform, heap at 163 MB."
"Message",Normal,"Running 'ConvertCatchIntoFilter' transform, heap at 166 MB."
"Message",Normal,"Running 'ReflectionMappingInfoEmit' transform, heap at 166 MB."
"Message",Normal,"Running 'ConvertManagedWinMD' transform, heap at 166 MB."
"Message",Normal,"Running 'Reducer' transform, heap at 166 MB."
"Message",High,"Cleaning up unreferenced code"
"Message",Normal,"Running 'WriteAssemblies' transform, heap at 143 MB."
"Message",Normal,""
"Message",Normal,"Transform summary"
"Message",Normal,"    ms | heap delta | name"
"Message",Normal,"  9686 |         80 | Analysis"
"Message",Normal,"  3814 |          1 | CompileMcgSourceAndSerializationAssemblyGenerator"
"Message",Normal,"  3075 |          5 | Mcg"
"Message",Normal,"  2285 |         23 | WriteAssemblies"
"Message",Normal,"  1885 |         30 | ReducedCopyInitialize"
"Message",Normal,"  1155 |        -23 | Reducer"
"Message",Normal,"   773 |         -9 | ReducedCopyComplete"
"Message",Normal,"   341 |          6 | CreateMetadata"
"Message",Normal,"   250 |          9 | ReducedCopyPopulateTypes"
"Message",Normal,"   221 |         14 | ReducedCopyMethodBodies"
"Message",Normal,"   215 |          5 | LazyGenerics"
"Message",Normal,"   174 |        -37 | ReducedCopyEmptyTypes"
"Message",Normal,"   167 |          0 | DumpNativeResources"
"Message",Normal,"   149 |          9 | ReducedCopyLateMetadata"
"Message",Normal,"   125 |          7 | ExceptionMiniaturizer"
"Message",Normal,"   114 |          5 | StaticInitData"
"Message",Normal,"   113 |          2 | McgRedirect"
"Message",Normal,"   105 |          2 | McgTypeOf"
"Message",Normal,"    75 |          3 | Calli"
"Message",Normal,"    62 |          0 | McgAccessor"
"Message",Normal,"    52 |          5 | Delegate"
"Message",Normal,"    50 |          2 | TypeofTypeHandle"
"Message",Normal,"    49 |          0 | McgRedirect"
"Message",Normal,"    39 |          1 | StartupCodeInjector"
"Message",Normal,"    34 |          0 | DelegateCtorCall"
"Message",Normal,"    22 |          0 | SaveRVAStatics"
"Message",Normal,"    20 |          6 | DeveloperExperienceModeOnlyCodeRemover"
"Message",Normal,"    17 |          0 | McgFixups"
"Message",Normal,"    10 |          0 | DispatchProxyIntrinsics"
"Message",Normal,"     8 |          0 | GetType"
"Message",Normal,"     6 |          1 | ScrubOpenCalls"
"Message",Normal,"     4 |          1 | Attribute"
"Message",Normal,"     4 |          0 | ConvertCatchIntoFilter"
"Message",Normal,"     3 |          0 | ReflectionMappingInfoEmit"
"Message",Normal,"     3 |          0 | ReflectionInvoke"
"Message",Normal,"     3 |          0 | ValueType"
"Message",Normal,"     3 |          0 | EventSource"
"Message",Normal,"     1 |          1 | AddReflectionBlockedAttributes"
"Message",Normal,"     1 |          0 | ResourceManagerCtor"
"Message",Normal,"     0 |          0 | ConvertManagedWinMD"
"Message",Normal,"     0 |          0 | ReducedCopyCleanup"
"Message",Normal,"     0 |          0 | ComImportDetector"
"Message",Normal,"     0 |          0 | DisableOptimization"
"Message",Normal,"     0 |          0 | ImplementLibraryDynamicInvokeHelpers"
"Message",Normal,"     0 |          0 | InjectAppContextSwitches"
"Message",Low,"Done executing task ""ILTransformTask""."
"Message",Low,"Task ""WriteLinesToFile"" skipped, due to false condition; ('$(BuildSharedAssemblies)' == 'true') was evaluated as ('false' == 'true')."
"Message",Low,"Done building target ""RunILTransforms"" in project ""Unnamed_1""."
"Message",Low,"Target ""CheckSharedAssemblyClosure"" skipped, due to false condition; ('$(BuildSharedAssemblies)' == 'true') was evaluated as ('false' == 'true')."
"Message",Low,"Target ""MergePgoCounts"" skipped, due to false condition; ('$(Pgu)'=='true' and '$(MultiPhasePgd)'!='true') was evaluated as ('false'=='true' and 'false'!='true')."
"Message",Low,"Target ""MDILPrepareMultiFile"" in file ""C:\Program Files (x86)\MSBuild\Microsoft\.NetNative\x64\ilc\IlcInternals.targets"" from project ""C:\Users\mike_\Documents\Visual Studio 2015\Projects\Universal\Universal\Unnamed_1"" (target ""SetBinaryForReferences"" depends on it):"
"Message",Low,"Task ""IlcMessageTask"""
"Message",High,"Generating native code"
"Message",Low,"Done executing task ""IlcMessageTask""."
"Message",Low,"Done building target ""MDILPrepareMultiFile"" in project ""Unnamed_1""."
"Message",Low,"Target ""SetBinaryForReferences"" in file ""C:\Program Files (x86)\MSBuild\Microsoft\.NetNative\x64\ilc\IlcInternals.targets"" from project ""C:\Users\mike_\Documents\Visual Studio 2015\Projects\Universal\Universal\Unnamed_1"" (target ""SetBinaryForAssemblies"" depends on it):"
"Message",Low,"Building target ""SetBinaryForReferences"" completely."
"Message",Low,"No input files were specified."
"Message",Low,"Done building target ""SetBinaryForReferences"" in project ""Unnamed_1""."
"Message",Low,"Target ""SetBinaryForReferences"" in file ""C:\Program Files (x86)\MSBuild\Microsoft\.NetNative\x64\ilc\IlcInternals.targets"" from project ""C:\Users\mike_\Documents\Visual Studio 2015\Projects\Universal\Universal\Unnamed_1"" (target ""SetBinaryForAssemblies"" depends on it):"
"Message",Low,"Building target ""SetBinaryForReferences"" completely."
"Message",Low,"No input files were specified."
"Message",Low,"Done building target ""SetBinaryForReferences"" in project ""Unnamed_1""."
"Message",Low,"Target ""SetBinaryForReferences"" in file ""C:\Program Files (x86)\MSBuild\Microsoft\.NetNative\x64\ilc\IlcInternals.targets"" from project ""C:\Users\mike_\Documents\Visual Studio 2015\Projects\Universal\Universal\Unnamed_1"" (target ""SetBinaryForAssemblies"" depends on it):"
"Message",Low,"Building target ""SetBinaryForReferences"" completely."
"Message",Low,"No input files were specified."
"Message",Low,"Done building target ""SetBinaryForReferences"" in project ""Unnamed_1""."
"Message",Low,"Target ""SetBinaryForReferences"" in file ""C:\Program Files (x86)\MSBuild\Microsoft\.NetNative\x64\ilc\IlcInternals.targets"" from project ""C:\Users\mike_\Documents\Visual Studio 2015\Projects\Universal\Universal\Unnamed_1"" (target ""SetBinaryForAssemblies"" depends on it):"
"Message",Low,"Building target ""SetBinaryForReferences"" completely."
"Message",Low,"No input files were specified."
"Message",Low,"Done building target ""SetBinaryForReferences"" in project ""Unnamed_1""."
"Message",Low,"Target ""SetBinaryForReferences"" in file ""C:\Program Files (x86)\MSBuild\Microsoft\.NetNative\x64\ilc\IlcInternals.targets"" from project ""C:\Users\mike_\Documents\Visual Studio 2015\Projects\Universal\Universal\Unnamed_1"" (target ""SetBinaryForAssemblies"" depends on it):"
"Message",Low,"Building target ""SetBinaryForReferences"" completely."
"Message",Low,"No input files were specified."
"Message",Low,"Done building target ""SetBinaryForReferences"" in project ""Unnamed_1""."
"Message",Low,"Target ""SetBinaryForReferences"" in file ""C:\Program Files (x86)\MSBuild\Microsoft\.NetNative\x64\ilc\IlcInternals.targets"" from project ""C:\Users\mike_\Documents\Visual Studio 2015\Projects\Universal\Universal\Unnamed_1"" (target ""SetBinaryForAssemblies"" depends on it):"
"Message",Low,"Building target ""SetBinaryForReferences"" completely."
"Message",Low,"No input files were specified."
"Message",Low,"Done building target ""SetBinaryForReferences"" in project ""Unnamed_1""."
"Message",Low,"Target ""SetBinaryForReferences"" in file ""C:\Program Files (x86)\MSBuild\Microsoft\.NetNative\x64\ilc\IlcInternals.targets"" from project ""C:\Users\mike_\Documents\Visual Studio 2015\Projects\Universal\Universal\Unnamed_1"" (target ""SetBinaryForAssemblies"" depends on it):"
"Message",Low,"Building target ""SetBinaryForReferences"" completely."
"Message",Low,"No input files were specified."
"Message",Low,"Done building target ""SetBinaryForReferences"" in project ""Unnamed_1""."
"Message",Low,"Target ""SetBinaryForReferences"" in file ""C:\Program Files (x86)\MSBuild\Microsoft\.NetNative\x64\ilc\IlcInternals.targets"" from project ""C:\Users\mike_\Documents\Visual Studio 2015\Projects\Universal\Universal\Unnamed_1"" (target ""SetBinaryForAssemblies"" depends on it):"
"Message",Low,"Building target ""SetBinaryForReferences"" completely."
"Message",Low,"No input files were specified."
"Message",Low,"Done building target ""SetBinaryForReferences"" in project ""Unnamed_1""."
"Message",Low,"Target ""SetBinaryForReferences"" in file ""C:\Program Files (x86)\MSBuild\Microsoft\.NetNative\x64\ilc\IlcInternals.targets"" from project ""C:\Users\mike_\Documents\Visual Studio 2015\Projects\Universal\Universal\Unnamed_1"" (target ""SetBinaryForAssemblies"" depends on it):"
"Message",Low,"Building target ""SetBinaryForReferences"" completely."
"Message",Low,"No input files were specified."
"Message",Low,"Done building target ""SetBinaryForReferences"" in project ""Unnamed_1""."
"Message",Low,"Target ""SetBinaryForReferences"" in file ""C:\Program Files (x86)\MSBuild\Microsoft\.NetNative\x64\ilc\IlcInternals.targets"" from project ""C:\Users\mike_\Documents\Visual Studio 2015\Projects\Universal\Universal\Unnamed_1"" (target ""SetBinaryForAssemblies"" depends on it):"
"Message",Low,"Building target ""SetBinaryForReferences"" completely."
"Message",Low,"No input files were specified."
"Message",Low,"Done building target ""SetBinaryForReferences"" in project ""Unnamed_1""."
"Message",Low,"Target ""SetBinaryForReferences"" in file ""C:\Program Files (x86)\MSBuild\Microsoft\.NetNative\x64\ilc\IlcInternals.targets"" from project ""C:\Users\mike_\Documents\Visual Studio 2015\Projects\Universal\Universal\Unnamed_1"" (target ""SetBinaryForAssemblies"" depends on it):"
"Message",Low,"Building target ""SetBinaryForReferences"" completely."
"Message",Low,"No input files were specified."
"Message",Low,"Done building target ""SetBinaryForReferences"" in project ""Unnamed_1""."
"Message",Low,"Target ""SetBinaryForReferences"" in file ""C:\Program Files (x86)\MSBuild\Microsoft\.NetNative\x64\ilc\IlcInternals.targets"" from project ""C:\Users\mike_\Documents\Visual Studio 2015\Projects\Universal\Universal\Unnamed_1"" (target ""SetBinaryForAssemblies"" depends on it):"
"Message",Low,"Building target ""SetBinaryForReferences"" completely."
"Message",Low,"No input files were specified."
"Message",Low,"Done building target ""SetBinaryForReferences"" in project ""Unnamed_1""."
"Message",Low,"Target ""SetBinaryForReferences"" in file ""C:\Program Files (x86)\MSBuild\Microsoft\.NetNative\x64\ilc\IlcInternals.targets"" from project ""C:\Users\mike_\Documents\Visual Studio 2015\Projects\Universal\Universal\Unnamed_1"" (target ""SetBinaryForAssemblies"" depends on it):"
"Message",Low,"Building target ""SetBinaryForReferences"" completely."
"Message",Low,"No input files were specified."
"Message",Low,"Done building target ""SetBinaryForReferences"" in project ""Unnamed_1""."
"Message",Low,"Target ""SetBinaryForReferences"" in file ""C:\Program Files (x86)\MSBuild\Microsoft\.NetNative\x64\ilc\IlcInternals.targets"" from project ""C:\Users\mike_\Documents\Visual Studio 2015\Projects\Universal\Universal\Unnamed_1"" (target ""SetBinaryForAssemblies"" depends on it):"
"Message",Low,"Building target ""SetBinaryForReferences"" completely."
"Message",Low,"No input files were specified."
"Message",Low,"Done building target ""SetBinaryForReferences"" in project ""Unnamed_1""."
"Message",Low,"Target ""SetBinaryForReferences"" in file ""C:\Program Files (x86)\MSBuild\Microsoft\.NetNative\x64\ilc\IlcInternals.targets"" from project ""C:\Users\mike_\Documents\Visual Studio 2015\Projects\Universal\Universal\Unnamed_1"" (target ""SetBinaryForAssemblies"" depends on it):"
"Message",Low,"Building target ""SetBinaryForReferences"" completely."
"Message",Low,"No input files were specified."
"Message",Low,"Done building target ""SetBinaryForReferences"" in project ""Unnamed_1""."
"Message",Low,"Target ""SetBinaryForReferences"" in file ""C:\Program Files (x86)\MSBuild\Microsoft\.NetNative\x64\ilc\IlcInternals.targets"" from project ""C:\Users\mike_\Documents\Visual Studio 2015\Projects\Universal\Universal\Unnamed_1"" (target ""SetBinaryForAssemblies"" depends on it):"
"Message",Low,"Building target ""SetBinaryForReferences"" completely."
"Message",Low,"No input files were specified."
"Message",Low,"Done building target ""SetBinaryForReferences"" in project ""Unnamed_1""."
"Message",Low,"Target ""SetBinaryForReferences"" in file ""C:\Program Files (x86)\MSBuild\Microsoft\.NetNative\x64\ilc\IlcInternals.targets"" from project ""C:\Users\mike_\Documents\Visual Studio 2015\Projects\Universal\Universal\Unnamed_1"" (target ""SetBinaryForAssemblies"" depends on it):"
"Message",Low,"Building target ""SetBinaryForReferences"" completely."
"Message",Low,"No input files were specified."
"Message",Low,"Done building target ""SetBinaryForReferences"" in project ""Unnamed_1""."
"Message",Low,"Target ""SetBinaryForReferences"" in file ""C:\Program Files (x86)\MSBuild\Microsoft\.NetNative\x64\ilc\IlcInternals.targets"" from project ""C:\Users\mike_\Documents\Visual Studio 2015\Projects\Universal\Universal\Unnamed_1"" (target ""SetBinaryForAssemblies"" depends on it):"
"Message",Low,"Building target ""SetBinaryForReferences"" completely."
"Message",Low,"No input files were specified."
"Message",Low,"Done building target ""SetBinaryForReferences"" in project ""Unnamed_1""."
"Message",Low,"Target ""SetBinaryForReferences"" in file ""C:\Program Files (x86)\MSBuild\Microsoft\.NetNative\x64\ilc\IlcInternals.targets"" from project ""C:\Users\mike_\Documents\Visual Studio 2015\Projects\Universal\Universal\Unnamed_1"" (target ""SetBinaryForAssemblies"" depends on it):"
"Message",Low,"Building target ""SetBinaryForReferences"" completely."
"Message",Low,"No input files were specified."
"Message",Low,"Done building target ""SetBinaryForReferences"" in project ""Unnamed_1""."
"Message",Low,"Target ""SetBinaryForReferences"" in file ""C:\Program Files (x86)\MSBuild\Microsoft\.NetNative\x64\ilc\IlcInternals.targets"" from project ""C:\Users\mike_\Documents\Visual Studio 2015\Projects\Universal\Universal\Unnamed_1"" (target ""SetBinaryForAssemblies"" depends on it):"
"Message",Low,"Building target ""SetBinaryForReferences"" completely."
"Message",Low,"No input files were specified."
"Message",Low,"Done building target ""SetBinaryForReferences"" in project ""Unnamed_1""."
"Message",Low,"Target ""SetBinaryForReferences"" in file ""C:\Program Files (x86)\MSBuild\Microsoft\.NetNative\x64\ilc\IlcInternals.targets"" from project ""C:\Users\mike_\Documents\Visual Studio 2015\Projects\Universal\Universal\Unnamed_1"" (target ""SetBinaryForAssemblies"" depends on it):"
"Message",Low,"Building target ""SetBinaryForReferences"" completely."
"Message",Low,"No input files were specified."
"Message",Low,"Done building target ""SetBinaryForReferences"" in project ""Unnamed_1""."
"Message",Low,"Target ""SetBinaryForReferences"" in file ""C:\Program Files (x86)\MSBuild\Microsoft\.NetNative\x64\ilc\IlcInternals.targets"" from project ""C:\Users\mike_\Documents\Visual Studio 2015\Projects\Universal\Universal\Unnamed_1"" (target ""SetBinaryForAssemblies"" depends on it):"
"Message",Low,"Building target ""SetBinaryForReferences"" completely."
"Message",Low,"No input files were specified."
"Message",Low,"Done building target ""SetBinaryForReferences"" in project ""Unnamed_1""."
"Message",Low,"Target ""SetBinaryForReferences"" in file ""C:\Program Files (x86)\MSBuild\Microsoft\.NetNative\x64\ilc\IlcInternals.targets"" from project ""C:\Users\mike_\Documents\Visual Studio 2015\Projects\Universal\Universal\Unnamed_1"" (target ""SetBinaryForAssemblies"" depends on it):"
"Message",Low,"Building target ""SetBinaryForReferences"" completely."
"Message",Low,"No input files were specified."
"Message",Low,"Done building target ""SetBinaryForReferences"" in project ""Unnamed_1""."
"Message",Low,"Target ""SetBinaryForReferences"" in file ""C:\Program Files (x86)\MSBuild\Microsoft\.NetNative\x64\ilc\IlcInternals.targets"" from project ""C:\Users\mike_\Documents\Visual Studio 2015\Projects\Universal\Universal\Unnamed_1"" (target ""SetBinaryForAssemblies"" depends on it):"
"Message",Low,"Building target ""SetBinaryForReferences"" completely."
"Message",Low,"No input files were specified."
"Message",Low,"Done building target ""SetBinaryForReferences"" in project ""Unnamed_1""."
"Message",Low,"Target ""SetBinaryForReferences"" in file ""C:\Program Files (x86)\MSBuild\Microsoft\.NetNative\x64\ilc\IlcInternals.targets"" from project ""C:\Users\mike_\Documents\Visual Studio 2015\Projects\Universal\Universal\Unnamed_1"" (target ""SetBinaryForAssemblies"" depends on it):"
"Message",Low,"Building target ""SetBinaryForReferences"" completely."
"Message",Low,"No input files were specified."
"Message",Low,"Done building target ""SetBinaryForReferences"" in project ""Unnamed_1""."
"Message",Low,"Target ""SetBinaryForReferences"" in file ""C:\Program Files (x86)\MSBuild\Microsoft\.NetNative\x64\ilc\IlcInternals.targets"" from project ""C:\Users\mike_\Documents\Visual Studio 2015\Projects\Universal\Universal\Unnamed_1"" (target ""SetBinaryForAssemblies"" depends on it):"
"Message",Low,"Building target ""SetBinaryForReferences"" completely."
"Message",Low,"No input files were specified."
"Message",Low,"Done building target ""SetBinaryForReferences"" in project ""Unnamed_1""."
"Message",Low,"Target ""SetBinaryForReferences"" in file ""C:\Program Files (x86)\MSBuild\Microsoft\.NetNative\x64\ilc\IlcInternals.targets"" from project ""C:\Users\mike_\Documents\Visual Studio 2015\Projects\Universal\Universal\Unnamed_1"" (target ""SetBinaryForAssemblies"" depends on it):"
"Message",Low,"Building target ""SetBinaryForReferences"" completely."
"Message",Low,"No input files were specified."
"Message",Low,"Done building target ""SetBinaryForReferences"" in project ""Unnamed_1""."
"Message",Low,"Target ""SetBinaryForReferences"" in file ""C:\Program Files (x86)\MSBuild\Microsoft\.NetNative\x64\ilc\IlcInternals.targets"" from project ""C:\Users\mike_\Documents\Visual Studio 2015\Projects\Universal\Universal\Unnamed_1"" (target ""SetBinaryForAssemblies"" depends on it):"
"Message",Low,"Building target ""SetBinaryForReferences"" completely."
"Message",Low,"No input files were specified."
"Message",Low,"Done building target ""SetBinaryForReferences"" in project ""Unnamed_1""."
"Message",Low,"Target ""SetBinaryForReferences"" in file ""C:\Program Files (x86)\MSBuild\Microsoft\.NetNative\x64\ilc\IlcInternals.targets"" from project ""C:\Users\mike_\Documents\Visual Studio 2015\Projects\Universal\Universal\Unnamed_1"" (target ""SetBinaryForAssemblies"" depends on it):"
"Message",Low,"Building target ""SetBinaryForReferences"" completely."
"Message",Low,"No input files were specified."
"Message",Low,"Done building target ""SetBinaryForReferences"" in project ""Unnamed_1""."
"Message",Low,"Target ""SetBinaryForReferences"" in file ""C:\Program Files (x86)\MSBuild\Microsoft\.NetNative\x64\ilc\IlcInternals.targets"" from project ""C:\Users\mike_\Documents\Visual Studio 2015\Projects\Universal\Universal\Unnamed_1"" (target ""SetBinaryForAssemblies"" depends on it):"
"Message",Low,"Building target ""SetBinaryForReferences"" completely."
"Message",Low,"No input files were specified."
"Message",Low,"Done building target ""SetBinaryForReferences"" in project ""Unnamed_1""."
"Message",Low,"Target ""SetBinaryForReferences"" in file ""C:\Program Files (x86)\MSBuild\Microsoft\.NetNative\x64\ilc\IlcInternals.targets"" from project ""C:\Users\mike_\Documents\Visual Studio 2015\Projects\Universal\Universal\Unnamed_1"" (target ""SetBinaryForAssemblies"" depends on it):"
"Message",Low,"Building target ""SetBinaryForReferences"" completely."
"Message",Low,"No input files were specified."
"Message",Low,"Done building target ""SetBinaryForReferences"" in project ""Unnamed_1""."
"Message",Low,"Target ""SetBinaryForAssemblies"" in file ""C:\Program Files (x86)\MSBuild\Microsoft\.NetNative\x64\ilc\IlcInternals.targets"" from project ""C:\Users\mike_\Documents\Visual Studio 2015\Projects\Universal\Universal\Unnamed_1"" (target ""GenerateMDILGlobalAnalysis"" depends on it):"
"Message",Low,"Done building target ""SetBinaryForAssemblies"" in project ""Unnamed_1""."
"Message",Low,"Target ""GenerateMDILGlobalAnalysis"" in file ""C:\Program Files (x86)\MSBuild\Microsoft\.NetNative\x64\ilc\IlcInternals.targets"" from project ""C:\Users\mike_\Documents\Visual Studio 2015\Projects\Universal\Universal\Unnamed_1"" (target ""GenerateMDILMultiFileSingleProcess"" depends on it):"
"Message",Low,"Building target ""GenerateMDILGlobalAnalysis"" completely."
"Message",Low,"Output file ""C:\Users\mike_\Documents\Visual Studio 2015\Projects\Universal\Universal\obj\x64\Release\ilc\intermediate\Toc\Universal.toc"" does not exist."
"Message",Low,"Task ""MakeDir"""
"Message",Normal,"Creating directory ""C:\Users\mike_\Documents\Visual Studio 2015\Projects\Universal\Universal\obj\x64\Release\ilc\intermediate\Toc\""."
"Message",Normal,"Creating directory ""C:\Users\mike_\Documents\Visual Studio 2015\Projects\Universal\Universal\obj\x64\Release\ilc\intermediate\MDIL\""."
"Message",Low,"Done executing task ""MakeDir""."
"Message",Low,"Task ""WriteLinesToFile"""
"Message",Low,"Done executing task ""WriteLinesToFile""."
"Message",Low,"Task ""StartProcessTask"""
"Message",Normal,"Launching 'C:\Program Files (x86)\MSBuild\Microsoft\.NetNative\x64\ilc\Tools\nutc_driver.exe @""C:\Users\mike_\Documents\Visual Studio 2015\Projects\Universal\Universal\obj\x64\Release\ilc\intermediate\MDIL\Universal.rsp""'"
"Message",Low,"Microsoft (R) MDIL Compiler - Version 1.4.24208.00"
"Message",Low,"Copyright (c) Microsoft Corporation.  All rights reserved."
"Message",Low,"Scanning input types"
"Message",Low,"Scanning 599 methods."
"Message",Low,"Scanning 700 methods."
"Message",Low,"Scanning 164 methods."
"Message",Low,"Scanning 44 methods."
"Message",Low,"Scanning 1251 methods."
"Message",Low,"Scanning 769 methods."
"Message",Low,"Scanning 423 methods."
"Message",Low,"Scanning 387 methods."
"Message",Low,"Scanning 125 methods."
"Message",Low,"Scanning 30 methods."
"Message",Low,"Scanning 25 methods."
"Message",Low,"Scanning 10 methods."
"Message",Low,"Scanning 6 methods."
"Message",Low,"Scanning 2 methods."
"Message",Low,"Scanning 3 methods."
"Message",Low,"Scanning 18 methods."
"Message",Low,"Scanning 40 methods."
"Message",Low,"Scanning 54 methods."
"Message",Low,"Scanning 101 methods."
"Message",Low,"Scanning 69 methods."
"Message",Low,"Scanning 42 methods."
"Message",Low,"Scanning 4 methods."
"Message",Low,"Eager code generation"
"Message",Low,"Compiling 4866 methods."
"Message",Low,"Deferred code generation"
"Message",Low,"Successfully generated 'C:\Users\mike_\Documents\Visual Studio 2015\Projects\Universal\Universal\obj\x64\Release\ilc\intermediate\MDIL\Universal.mdilexe'"
"Message",Low,"Successfully generated 'C:\Users\mike_\Documents\Visual Studio 2015\Projects\Universal\Universal\obj\x64\Release\ilc\intermediate\MDIL\Universal.mdilpdb'"
"Message",Normal,"'C:\Program Files (x86)\MSBuild\Microsoft\.NetNative\x64\ilc\Tools\nutc_driver.exe @""C:\Users\mike_\Documents\Visual Studio 2015\Projects\Universal\Universal\obj\x64\Release\ilc\intermediate\MDIL\Universal.rsp""' completed."
"Message",Normal,"Process execution statistics (all times in milliseconds)"
"Message",Normal,"-----------------------------------------------------------------------------"
"Message",Normal,"launch  |  start   |   stop   |   end    | duration | lifetime | [slot] name"
"Message",Normal,"-----------------------------------------------------------------------------"
"Message",Normal,"       0 |       63 |    11032 |    11032 |    10969 |    11032 | [0] Nutc GlobalAnalysis"
"Message",Normal,"Number of commands:      1"
"Message",Normal,"Total system time:       11032 ms"
"Message",Normal,"System time per command: 11032 ms"
"Message",Normal,"Total duration:          10969 ms"
"Message",Normal,"Total lifetime:          11032 ms"
"Message",Normal,"Requested DOP:           2"
"Message",Normal,"Duration DOP:            1.0"
"Message",Normal,"Lifetime DOP:            1.0"
"Message",Low,"Done executing task ""StartProcessTask""."
"Message",Low,"Done building target ""GenerateMDILGlobalAnalysis"" in project ""Unnamed_1""."
"Message",Low,"Target ""GenerateMDILMultiFileSingleProcess"" in file ""C:\Program Files (x86)\MSBuild\Microsoft\.NetNative\x64\ilc\IlcInternals.targets"" from project ""C:\Users\mike_\Documents\Visual Studio 2015\Projects\Universal\Universal\Unnamed_1"" (target ""GenerateMDIL"" depends on it):"
"Message",Low,"Building target ""GenerateMDILMultiFileSingleProcess"" completely."
"Message",Low,"No input files were specified."
"Message",Low,"Done building target ""GenerateMDILMultiFileSingleProcess"" in project ""Unnamed_1""."
"Message",Low,"Target ""GenerateMDIL"" in file ""C:\Program Files (x86)\MSBuild\Microsoft\.NetNative\x64\ilc\IlcInternals.targets"" from project ""C:\Users\mike_\Documents\Visual Studio 2015\Projects\Universal\Universal\Unnamed_1"" (target ""MDILBindPrepare"" depends on it):"
"Message",Low,"Building target ""GenerateMDIL"" completely."
"Message",Low,"Input file ""C:\Users\mike_\Documents\Visual Studio 2015\Projects\Universal\Universal\obj\x64\Release\ilc\intermediate\nutcargs.rsp"" does not exist."
"Message",Low,"Done building target ""GenerateMDIL"" in project ""Unnamed_1""."
"Message",Low,"Target ""GenerateBuildInfo"" in file ""C:\Program Files (x86)\MSBuild\Microsoft\.NetNative\x64\ilc\IlcInternals.targets"" from project ""C:\Users\mike_\Documents\Visual Studio 2015\Projects\Universal\Universal\Unnamed_1"" (target ""MDILBindPrepare"" depends on it):"
"Message",Low,"Building target ""GenerateBuildInfo"" completely."
"Message",Low,"Output file ""C:\Users\mike_\Documents\Visual Studio 2015\Projects\Universal\Universal\obj\x64\Release\ilc\intermediate\Native.res"" does not exist."
"Message",Low,"Task ""StartProcessTask"""
"Message",Normal,"Launching 'C:\Program Files (x86)\Windows Kits\10\bin\x64\rc.exe /c 65001 /r /fo ""C:\Users\mike_\Documents\Visual Studio 2015\Projects\Universal\Universal\obj\x64\Release\ilc\intermediate\BuildInfo\BuildInfo.res"" ""C:\Users\mike_\Documents\Visual Studio 2015\Projects\Universal\Universal\obj\x64\Release\ilc\intermediate\BuildInfo\BuildInfo.rc""'"
"Message",Low,"Microsoft (R) Windows (R) Resource Compiler Version 10.0.10011.16384"
"Message",Low,"Copyright (C) Microsoft Corporation.  All rights reserved."
"Message",Normal,"'C:\Program Files (x86)\Windows Kits\10\bin\x64\rc.exe /c 65001 /r /fo ""C:\Users\mike_\Documents\Visual Studio 2015\Projects\Universal\Universal\obj\x64\Release\ilc\intermediate\BuildInfo\BuildInfo.res"" ""C:\Users\mike_\Documents\Visual Studio 2015\Projects\Universal\Universal\obj\x64\Release\ilc\intermediate\BuildInfo\BuildInfo.rc""' completed."
"Message",Normal,"Process execution statistics (all times in milliseconds)"
"Message",Normal,"-----------------------------------------------------------------------------"
"Message",Normal,"launch  |  start   |   stop   |   end    | duration | lifetime | [slot] name"
"Message",Normal,"-----------------------------------------------------------------------------"
"Message",Normal,"       0 |       78 |      296 |      296 |      218 |      296 | [0] RC"
"Message",Normal,"Number of commands:      1"
"Message",Normal,"Total system time:       296 ms"
"Message",Normal,"System time per command: 296 ms"
"Message",Normal,"Total duration:          218 ms"
"Message",Normal,"Total lifetime:          296 ms"
"Message",Normal,"Requested DOP:           2"
"Message",Normal,"Duration DOP:            0.7"
"Message",Normal,"Lifetime DOP:            1.0"
"Message",Low,"Done executing task ""StartProcessTask""."
"Message",Low,"Using ""BinaryConcatenateTask"" task from assembly ""Microsoft.Build.ILTasks""."
"Message",Low,"Task ""BinaryConcatenateTask"""
"Message",Normal,"Concatenating into 'C:\Users\mike_\Documents\Visual Studio 2015\Projects\Universal\Universal\obj\x64\Release\ilc\intermediate\Native.res' with alignment '4'."
"Message",Normal," Added 'C:\Users\mike_\Documents\Visual Studio 2015\Projects\Universal\Universal\obj\x64\Release\ilc\intermediate\ILTransformed\Universal.res' at offset 0."
"Message",Normal," Added 'C:\Users\mike_\Documents\Visual Studio 2015\Projects\Universal\Universal\obj\x64\Release\ilc\intermediate\BuildInfo\BuildInfo.res' at offset 1384."
"Message",Low,"Done executing task ""BinaryConcatenateTask""."
"Message",Low,"Done building target ""GenerateBuildInfo"" in project ""Unnamed_1""."
"Message",Low,"Target ""MDILBindPrepare"" in file ""C:\Program Files (x86)\MSBuild\Microsoft\.NetNative\x64\ilc\IlcInternals.targets"" from project ""C:\Users\mike_\Documents\Visual Studio 2015\Projects\Universal\Universal\Unnamed_1"" (target ""MDILBindCreateResponseFiles"" depends on it):"
"Message",Low,"Task ""MakeDir"""
"Message",Normal,"Creating directory ""C:\Users\mike_\Documents\Visual Studio 2015\Projects\Universal\Universal\obj\x64\Release\ilc\intermediate\Native\""."
"Message",Low,"Done executing task ""MakeDir""."
"Message",Low,"Task ""StartProcessTask"" skipped, due to false condition; ('$(Pgi)'=='true') was evaluated as ('false'=='true')."
"Message",Low,"Done building target ""MDILBindPrepare"" in project ""Unnamed_1""."
"Message",Low,"Target ""MDILBindCreateResponseFiles"" in file ""C:\Program Files (x86)\MSBuild\Microsoft\.NetNative\x64\ilc\IlcInternals.targets"" from project ""C:\Users\mike_\Documents\Visual Studio 2015\Projects\Universal\Universal\Unnamed_1"" (target ""MDILBind"" depends on it):"
"Message",Low,"Building target ""MDILBindCreateResponseFiles"" completely."
"Message",Low,"Output file ""C:\Users\mike_\Documents\Visual Studio 2015\Projects\Universal\Universal\obj\x64\Release\ilc\intermediate\rhbindargs.Universal.rsp"" does not exist."
"Message",Low,"Task ""WriteLinesToFile"""
"Message",Low,"Done executing task ""WriteLinesToFile""."
"Message",Low,"Done building target ""MDILBindCreateResponseFiles"" in project ""Unnamed_1""."
"Message",Low,"Target ""MDILBind"" in file ""C:\Program Files (x86)\MSBuild\Microsoft\.NetNative\x64\ilc\IlcInternals.targets"" from project ""C:\Users\mike_\Documents\Visual Studio 2015\Projects\Universal\Universal\Unnamed_1"" (target ""CopyNativeExecutablesToOutput"" depends on it):"
"Message",Low,"Building target ""MDILBind"" completely."
"Message",Low,"Output file ""C:\Users\mike_\Documents\Visual Studio 2015\Projects\Universal\Universal\obj\x64\Release\ilc\intermediate\Native\Universal.exe"" does not exist."
"Message",Low,"Task ""IlcMessageTask"""
"Message",High,"Generating fixups for native code"
"Message",Low,"Done executing task ""IlcMessageTask""."
"Message",Low,"Task ""StartProcessTask"""
"Message",Normal,"Launching 'C:\Program Files (x86)\MSBuild\Microsoft\.NetNative\x64\ilc\Tools\rhbind.exe @""C:\Users\mike_\Documents\Visual Studio 2015\Projects\Universal\Universal\obj\x64\Release\ilc\intermediate\rhbindargs.Universal.rsp""'"
"Message",Low,"OS VERSION: major: 6  minor: 2"
"Message",Low,"MDIL: C:\Users\mike_\Documents\Visual Studio 2015\Projects\Universal\Universal\obj\x64\Release\ilc\intermediate\MDIL\Universal.mdilexe"
"Message",Low,"MDILPDB: C:\Users\mike_\Documents\Visual Studio 2015\Projects\Universal\Universal\obj\x64\Release\ilc\intermediate\MDIL\Universal.mdilpdb"
"Message",Low,"IL: C:\Users\mike_\Documents\Visual Studio 2015\Projects\Universal\Universal\obj\x64\Release\ilc\intermediate\MDIL\Universal.ilexe"
"Message",Low,"NI: C:\Users\mike_\Documents\Visual Studio 2015\Projects\Universal\Universal\obj\x64\Release\ilc\intermediate\Native\Universal.dll"
"Message",Low,"SHIM: C:\Users\mike_\Documents\Visual Studio 2015\Projects\Universal\Universal\obj\x64\Release\ilc\intermediate\Native\Universal.exe"
"Message",Low,"REDHAWK_RUNTIME_DLL_NAME_A=mrt100_app.dll"
"Message",Low,"pdb: C:\Users\mike_\Documents\Visual Studio 2015\Projects\Universal\Universal\obj\x64\Release\ilc\intermediate\Native\Universal.pdb"
"Message",Low,"Produced C:\Users\mike_\Documents\Visual Studio 2015\Projects\Universal\Universal\obj\x64\Release\ilc\intermediate\Native\Universal.dll in 0.845 seconds"
"Message",Normal,"'C:\Program Files (x86)\MSBuild\Microsoft\.NetNative\x64\ilc\Tools\rhbind.exe @""C:\Users\mike_\Documents\Visual Studio 2015\Projects\Universal\Universal\obj\x64\Release\ilc\intermediate\rhbindargs.Universal.rsp""' completed."
"Message",Normal,"Process execution statistics (all times in milliseconds)"
"Message",Normal,"-----------------------------------------------------------------------------"
"Message",Normal,"launch  |  start   |   stop   |   end    | duration | lifetime | [slot] name"
"Message",Normal,"-----------------------------------------------------------------------------"
"Message",Normal,"       0 |       16 |     1313 |     1313 |     1297 |     1313 | [0] rhbind Universal"
"Message",Normal,"Number of commands:      1"
"Message",Normal,"Total system time:       1328 ms"
"Message",Normal,"System time per command: 1328 ms"
"Message",Normal,"Total duration:          1297 ms"
"Message",Normal,"Total lifetime:          1313 ms"
"Message",Normal,"Requested DOP:           2"
"Message",Normal,"Duration DOP:            1.0"
"Message",Normal,"Lifetime DOP:            1.0"
"Message",Low,"Done executing task ""StartProcessTask""."
"Message",Low,"Task ""Move"" skipped, due to false condition; ('$(PdbPath)'!='') was evaluated as (''!='')."
"Message",Low,"Done building target ""MDILBind"" in project ""Unnamed_1""."
"Message",Low,"Target ""EmitDependentLibraryListFile"" skipped, due to false condition; ('$(BuildSharedAssemblies)' == 'true' and '$(OutSharedLibraryName)' != '$(CoreSharedLibraryName)') was evaluated as ('false' == 'true' and 'SharedLibrary' != 'SharedLibrary')."
"Message",Low,"Target ""CopyNativeExecutablesToOutput"" in file ""C:\Program Files (x86)\MSBuild\Microsoft\.NetNative\x64\ilc\IlcInternals.targets"" from project ""C:\Users\mike_\Documents\Visual Studio 2015\Projects\Universal\Universal\Unnamed_1"" (target ""Build"" depends on it):"
"Message",Low,"Using ""AddToNativePackageTask"" task from assembly ""C:\Program Files (x86)\MSBuild\Microsoft\.NetNative\x64\ilc\ilc.exe""."
"Message",Low,"Task ""AddToNativePackageTask"""
"Message",Low,"Done executing task ""AddToNativePackageTask""."
"Message",Low,"Task ""AddToNativePackageTask"""
"Message",Low,"Done executing task ""AddToNativePackageTask""."
"Message",Low,"Task ""AddToNativePackageTask"" skipped, due to false condition; ('$(InternalFeatureSwitch_R2R)' == 'true') was evaluated as ('' == 'true')."
"Message",Low,"Task ""AddToNativePackageTask"" skipped, due to false condition; ('$(BuildSharedAssemblies)' != 'true' and '$(AllowAppLocalMrt)' == 'true') was evaluated as ('false' != 'true' and 'false' == 'true')."
"Message",Low,"Task ""AddToNativePackageTask"" skipped, due to false condition; ('$(BuildSharedAssemblies)' == 'true') was evaluated as ('false' == 'true')."
"Message",Low,"Task ""AddToNativePackageTask"" skipped, due to false condition; ('$(BuildSharedAssemblies)' == 'true' and '$(OutSharedLibraryName)' != '$(CoreSharedLibraryName)') was evaluated as ('false' == 'true' and 'SharedLibrary' != 'SharedLibrary')."
"Message",Low,"Task ""AddToNativePackageTask"" skipped, due to false condition; ('$(BuildSharedAssemblies)' == 'true') was evaluated as ('false' == 'true')."
"Message",Low,"Task ""AddToNativePackageTask"" skipped, due to false condition; ('$(BuildSharedAssemblies)' == 'true') was evaluated as ('false' == 'true')."
"Message",Low,"Task ""AddToNativePackageTask"" skipped, due to false condition; ('$(BuildSharedAssemblies)' == 'true') was evaluated as ('false' == 'true')."
"Message",Low,"Task ""AddToNativePackageTask"" skipped, due to false condition; ('$(BuildSharedAssemblies)' == 'true') was evaluated as ('false' == 'true')."
"Message",Low,"Task ""AddToNativePackageTask"" skipped, due to false condition; ('$(BuildSharedAssemblies)' == 'true') was evaluated as ('false' == 'true')."
"Message",Low,"Task ""AddToNativePackageTask"" skipped, due to false condition; ('$(BuildSharedAssemblies)' == 'true') was evaluated as ('false' == 'true')."
"Message",Low,"Task ""AddToNativePackageTask"" skipped, due to false condition; ('$(BuildSharedAssemblies)' == 'true') was evaluated as ('false' == 'true')."
"Message",Low,"Task ""AddToNativePackageTask"" skipped, due to false condition; ('$(BuildSharedAssemblies)' == 'true') was evaluated as ('false' == 'true')."
"Message",Low,"Task ""AddToNativePackageTask"" skipped, due to false condition; ('$(BuildSharedAssemblies)' == 'true') was evaluated as ('false' == 'true')."
"Message",Low,"Task ""AddToNativePackageTask"" skipped, due to false condition; ('$(Pgi)'=='true' And '$(BuildSharedAssemblies)' != 'true') was evaluated as ('false'=='true' And 'false' != 'true')."
"Message",Low,"Task ""AddToNativePackageTask"" skipped, due to false condition; ('$(Pgi)'=='true' And '$(BuildSharedAssemblies)' == 'true') was evaluated as ('false'=='true' And 'false' == 'true')."
"Message",Low,"Task ""AddToNativePackageTask"" skipped, due to false condition; ('$(BuildSharedAssemblies)' == 'true') was evaluated as ('false' == 'true')."
"Message",Low,"Task ""AddToNativePackageTask"" skipped, due to false condition; ('$(BuildSharedAssemblies)' == 'true') was evaluated as ('false' == 'true')."
"Message",Low,"Task ""AddToNativePackageTask"" skipped, due to false condition; ('$(BuildSharedAssemblies)'=='true' and '@(SharedFrameworkReswFiles)' != '') was evaluated as ('false'=='true' and '' != '')."
"Message",Low,"Task ""AddToNativePackageTask"" skipped, due to false condition; ('$(UseFrameworkPackage)' != 'true' and '@(InputSharedLibrariesToCopy)' != '') was evaluated as ('True' != 'true' and 'C:\Program Files (x86)\Microsoft SDKs\Windows Kits\10\ExtensionSDKs\Microsoft.NET.Native.Framework.1.3\1.3\x64\ret\Native\SharedLibrary.dll' != '')."
"Message",Low,"Done building target ""CopyNativeExecutablesToOutput"" in project ""Unnamed_1""."
"Message",Low,"Target ""CopyExtractedResourcesToOutput"" skipped, due to false condition; (Exists('$(IntermediateResourcesPath)')) was evaluated as (Exists('C:\Users\mike_\Documents\Visual Studio 2015\Projects\Universal\Universal\obj\x64\Release\ilc\intermediate\Resources\'))."
"Message",Low,"Target ""TransformAppxManifestAndAddCrt"" in file ""C:\Program Files (x86)\MSBuild\Microsoft\.NetNative\x64\ilc\IlcInternals.targets"" from project ""C:\Users\mike_\Documents\Visual Studio 2015\Projects\Universal\Universal\Unnamed_1"" (target ""Build"" depends on it):"
"Message",Low,"Using ""TransformAppxManifestTask"" task from assembly ""C:\Program Files (x86)\MSBuild\Microsoft\.NetNative\x64\ilc\ilc.exe""."
"Message",Low,"Task ""TransformAppxManifestTask"""
"Message",Low,"Done executing task ""TransformAppxManifestTask""."
"Message",Low,"Task ""AddToNativePackageTask"""
"Message",Low,"Done executing task ""AddToNativePackageTask""."
"Message",Low,"Task ""AddToNativePackageTask"" skipped, due to false condition; ($(AddCrt)) was evaluated as (false)."
"Message",Low,"Task ""AddToNativePackageTask"" skipped, due to false condition; ($(AddWin8Adapters)) was evaluated as (false)."
"Message",Low,"Task ""AddToNativePackageTask"" skipped, due to false condition; ($(AddWin8Adapters)) was evaluated as (false)."
"Message",Low,"Task ""AddToNativePackageTask"" skipped, due to false condition; ($(AddWin8Adapters)) was evaluated as (false)."
"Message",Low,"Task ""AddToNativePackageTask"" skipped, due to false condition; ($(AddWin8Adapters)) was evaluated as (false)."
"Message",Low,"Task ""AddToNativePackageTask"" skipped, due to false condition; ($(AddWin8Adapters)) was evaluated as (false)."
"Message",Low,"Task ""AddToNativePackageTask"" skipped, due to false condition; ($(AddWin8Adapters)) was evaluated as (false)."
"Message",Low,"Task ""AddToNativePackageTask"" skipped, due to false condition; ($(AddWin8Adapters)) was evaluated as (false)."
"Message",Low,"Done building target ""TransformAppxManifestAndAddCrt"" in project ""Unnamed_1""."
"Message",Low,"Target ""MergeFrameworkReswFilesWithTheAppPriFile"" skipped, due to false condition; ('@(AppResources)' != '' And '$(UseResKeysInsteadOfResStrings)' != 'true') was evaluated as ('C:\Users\mike_\Documents\Visual Studio 2015\Projects\Universal\Universal\obj\x64\Release\ilc\in\resources.pri' != '' And 'true' != 'true')."
"Message",Low,"Target ""CopyPackageResourceFileInRetailBuild"" in file ""C:\Program Files (x86)\MSBuild\Microsoft\.NetNative\x64\ilc\IlcInternals.targets"" from project ""C:\Users\mike_\Documents\Visual Studio 2015\Projects\Universal\Universal\Unnamed_1"" (target ""Build"" depends on it):"
"Message",Low,"Task ""AddToNativePackageTask"""
"Message",Low,"Done executing task ""AddToNativePackageTask""."
"Message",Low,"Done building target ""CopyPackageResourceFileInRetailBuild"" in project ""Unnamed_1""."
"Message",Low,"Target ""Build"" in file ""C:\Program Files (x86)\MSBuild\Microsoft\.NetNative\x64\ilc\IlcInternals.targets"" from project ""C:\Users\mike_\Documents\Visual Studio 2015\Projects\Universal\Universal\Unnamed_1"" (entry point):"
"Message",Low,"Done building target ""Build"" in project ""Unnamed_1""."
"Message",Low,"Done building project ""Unnamed_1""."
"Message",Low,"Build succeeded."
